0	 0 0 0.375 0.433013 1 1 1.125 0.433013
0.001	 0 0 0.373054 0.433013 1 1 1.12695 0.433013
0.002	 0 0 0.370948 0.433013 1 1 1.12905 0.433013
0.003	 0 0 0.368754 0.433013 1 1 1.13125 0.433013
0.004	 0 0 0.366529 0.433013 1 1 1.13347 0.433013
0.005	 0 0 0.364317 0.433013 1 1 1.13568 0.433013
0.006	 0 0 0.362154 0.433013 1 1 1.13785 0.433013
0.007	 0 0 0.360065 0.433013 1 1 1.13993 0.433013
0.008	 0 0 0.358072 0.433013 1 1 1.14193 0.433013
0.009	 0 0 0.356188 0.433013 1 1 1.14381 0.433013
0.01	 0 0 0.354422 0.433013 1 1 1.14558 0.433013
0.011	 0 0 0.35278 0.433013 1 1 1.14722 0.433013
0.012	 0 0 0.351264 0.433013 1 1 1.14874 0.433013
0.013	 0 0 0.349874 0.433013 1 1 1.15013 0.433013
0.014	 0 0 0.348607 0.433013 1 1 1.15139 0.433013
0.015	 0 0 0.347459 0.433013 1 1 1.15254 0.433013
0.016	 0 0 0.346426 0.433013 1 1 1.15357 0.433013
0.017	 0 0 0.345502 0.433013 1 1 1.1545 0.433013
0.018	 0 0 0.34468 0.433013 1 1 1.15532 0.433013
0.019	 0 0 0.343953 0.433013 1 1 1.15605 0.433013
0.02	 0 0 0.343315 0.433013 1 1 1.15669 0.433013
0.021	 0 0 0.342759 0.433013 1 1 1.15724 0.433013
0.022	 0 0 0.342278 0.433013 1 1 1.15772 0.433013
0.023	 0 0 0.341866 0.433013 1 1 1.15813 0.433013
0.024	 0 0 0.341517 0.433013 1 1 1.15848 0.433013
0.025	 0 0 0.341224 0.433013 1 1 1.15878 0.433013
0.026	 0 0 0.340983 0.433013 1 1 1.15902 0.433013
0.027	 0 0 0.340789 0.433013 1 1 1.15921 0.433013
0.028	 0 0 0.340636 0.433013 1 1 1.15936 0.433013
0.029	 0 0 0.340521 0.433013 1 1 1.15948 0.433013
0.03	 0 0 0.340438 0.433013 1 1 1.15956 0.433013
0.031	 0 0 0.340386 0.433013 1 1 1.15961 0.433013
0.032	 0 0 0.34036 0.433013 1 1 1.15964 0.433013
0.033	 0 0 0.340356 0.433013 1 1 1.15964 0.433013
0.034	 0 0 0.340374 0.433013 1 1 1.15963 0.433013
0.035	 0 0 0.340409 0.433013 1 1 1.15959 0.433013
0.036	 0 0 0.34046 0.433013 1 1 1.15954 0.433013
0.037	 0 0 0.340525 0.433013 1 1 1.15948 0.433013
0.038	 0 0 0.340601 0.433013 1 1 1.1594 0.433013
0.039	 0 0 0.340687 0.433013 1 1 1.15931 0.433013
0.04	 0 0 0.340783 0.433013 1 1 1.15922 0.433013
0.041	 0 0 0.340885 0.433013 1 1 1.15911 0.433013
0.042	 0 0 0.340994 0.433013 1 1 1.15901 0.433013
0.043	 0 0 0.341107 0.433013 1 1 1.15889 0.433013
0.044	 0 0 0.341225 0.433013 1 1 1.15877 0.433013
0.045	 0 0 0.341347 0.433013 1 1 1.15865 0.433013
0.046	 0 0 0.34147 0.433013 1 1 1.15853 0.433013
0.047	 0 0 0.341596 0.433013 1 1 1.1584 0.433013
0.048	 0 0 0.341723 0.433013 1 1 1.15828 0.433013
0.049	 0 0 0.341851 0.433013 1 1 1.15815 0.433013
0.05	 0 0 0.341979 0.433013 1 1 1.15802 0.433013
0.051	 0 0 0.342107 0.433013 1 1 1.15789 0.433013
0.052	 0 0 0.342235 0.433013 1 1 1.15777 0.433013
0.053	 0 0 0.342362 0.433013 1 1 1.15764 0.433013
0.054	 0 0 0.342488 0.433013 1 1 1.15751 0.433013
0.055	 0 0 0.342613 0.433013 1 1 1.15739 0.433013
0.056	 0 0 0.342737 0.433013 1 1 1.15726 0.433013
0.057	 0 0 0.342859 0.433013 1 1 1.15714 0.433013
0.058	 0 0 0.342979 0.433013 1 1 1.15702 0.433013
0.059	 0 0 0.343098 0.433013 1 1 1.1569 0.433013
0.06	 0 0 0.343215 0.433013 1 1 1.15679 0.433013
0.061	 0 0 0.343329 0.433013 1 1 1.15667 0.433013
0.062	 0 0 0.343442 0.433013 1 1 1.15656 0.433013
0.063	 0 0 0.343552 0.433013 1 1 1.15645 0.433013
0.064	 0 0 0.343661 0.433013 1 1 1.15634 0.433013
0.065	 0 0 0.343767 0.433013 1 1 1.15623 0.433013
0.066	 0 0 0.343871 0.433013 1 1 1.15613 0.433013
0.067	 0 0 0.343972 0.433013 1 1 1.15603 0.433013
0.068	 0 0 0.344071 0.433013 1 1 1.15593 0.433013
0.069	 0 0 0.344169 0.433013 1 1 1.15583 0.433013
0.07	 0 0 0.344263 0.433013 1 1 1.15574 0.433013
0.071	 0 0 0.344356 0.433013 1 1 1.15564 0.433013
0.072	 0 0 0.344446 0.433013 1 1 1.15555 0.433013
0.073	 0 0 0.344534 0.433013 1 1 1.15547 0.433013
0.074	 0 0 0.34462 0.433013 1 1 1.15538 0.433013
0.075	 0 0 0.344704 0.433013 1 1 1.1553 0.433013
0.076	 0 0 0.344785 0.433013 1 1 1.15521 0.433013
0.077	 0 0 0.344864 0.433013 1 1 1.15514 0.433013
0.078	 0 0 0.344942 0.433013 1 1 1.15506 0.433013
0.079	 0 0 0.345017 0.433013 1 1 1.15498 0.433013
0.08	 0 0 0.34509 0.433013 1 1 1.15491 0.433013
0.081	 0 0 0.345161 0.433013 1 1 1.15484 0.433013
0.082	 0 0 0.34523 0.433013 1 1 1.15477 0.433013
0.083	 0 0 0.345297 0.433013 1 1 1.1547 0.433013
0.084	 0 0 0.345363 0.433013 1 1 1.15464 0.433013
0.085	 0 0 0.345426 0.433013 1 1 1.15457 0.433013
0.086	 0 0 0.345487 0.433013 1 1 1.15451 0.433013
0.087	 0 0 0.345547 0.433013 1 1 1.15445 0.433013
0.088	 0 0 0.345605 0.433013 1 1 1.15439 0.433013
0.089	 0 0 0.345661 0.433013 1 1 1.15434 0.433013
0.09	 0 0 0.345716 0.433013 1 1 1.15428 0.433013
0.091	 0 0 0.345768 0.433013 1 1 1.15423 0.433013
0.092	 0 0 0.345819 0.433013 1 1 1.15418 0.433013
0.093	 0 0 0.345869 0.433013 1 1 1.15413 0.433013
0.094	 0 0 0.345917 0.433013 1 1 1.15408 0.433013
0.095	 0 0 0.345963 0.433013 1 1 1.15404 0.433013
0.096	 0 0 0.346008 0.433013 1 1 1.15399 0.433013
0.097	 0 0 0.346051 0.433013 1 1 1.15395 0.433013
0.098	 0 0 0.346093 0.433013 1 1 1.15391 0.433013
0.099	 0 0 0.346134 0.433013 1 1 1.15387 0.433013
0.1	 0 0 0.346173 0.433013 1 1 1.15383 0.433013
0.101	 0 0 0.346211 0.433013 1 1 1.15379 0.433013
0.102	 0 0 0.346247 0.433013 1 1 1.15375 0.433013
0.103	 0 0 0.346282 0.433013 1 1 1.15372 0.433013
0.104	 0 0 0.346316 0.433013 1 1 1.15368 0.433013
0.105	 0 0 0.346348 0.433013 1 1 1.15365 0.433013
0.106	 0 0 0.34638 0.433013 1 1 1.15362 0.433013
0.107	 0 0 0.34641 0.433013 1 1 1.15359 0.433013
0.108	 0 0 0.346439 0.433013 1 1 1.15356 0.433013
0.109	 0 0 0.346467 0.433013 1 1 1.15353 0.433013
0.11	 0 0 0.346493 0.433013 1 1 1.15351 0.433013
0.111	 0 0 0.346519 0.433013 1 1 1.15348 0.433013
0.112	 0 0 0.346544 0.433013 1 1 1.15346 0.433013
0.113	 0 0 0.346567 0.433013 1 1 1.15343 0.433013
0.114	 0 0 0.34659 0.433013 1 1 1.15341 0.433013
0.115	 0 0 0.346611 0.433013 1 1 1.15339 0.433013
0.116	 0 0 0.346632 0.433013 1 1 1.15337 0.433013
0.117	 0 0 0.346651 0.433013 1 1 1.15335 0.433013
0.118	 0 0 0.34667 0.433013 1 1 1.15333 0.433013
0.119	 0 0 0.346688 0.433013 1 1 1.15331 0.433013
0.12	 0 0 0.346705 0.433013 1 1 1.1533 0.433013
0.121	 0 0 0.346721 0.433013 1 1 1.15328 0.433013
0.122	 0 0 0.346736 0.433013 1 1 1.15326 0.433013
0.123	 0 0 0.34675 0.433013 1 1 1.15325 0.433013
0.124	 0 0 0.346764 0.433013 1 1 1.15324 0.433013
0.125	 0 0 0.346776 0.433013 1 1 1.15322 0.433013
0.126	 0 0 0.346788 0.433013 1 1 1.15321 0.433013
0.127	 0 0 0.3468 0.433013 1 1 1.1532 0.433013
0.128	 0 0 0.34681 0.433013 1 1 1.15319 0.433013
0.129	 0 0 0.34682 0.433013 1 1 1.15318 0.433013
0.13	 0 0 0.346829 0.433013 1 1 1.15317 0.433013
0.131	 0 0 0.346837 0.433013 1 1 1.15316 0.433013
0.132	 0 0 0.346845 0.433013 1 1 1.15316 0.433013
0.133	 0 0 0.346852 0.433013 1 1 1.15315 0.433013
0.134	 0 0 0.346858 0.433013 1 1 1.15314 0.433013
0.135	 0 0 0.346864 0.433013 1 1 1.15314 0.433013
0.136	 0 0 0.34687 0.433013 1 1 1.15313 0.433013
0.137	 0 0 0.346874 0.433013 1 1 1.15313 0.433013
0.138	 0 0 0.346878 0.433013 1 1 1.15312 0.433013
0.139	 0 0 0.346882 0.433013 1 1 1.15312 0.433013
0.14	 0 0 0.346885 0.433013 1 1 1.15312 0.433013
0.141	 0 0 0.346887 0.433013 1 1 1.15311 0.433013
0.142	 0 0 0.346889 0.433013 1 1 1.15311 0.433013
0.143	 0 0 0.34689 0.433013 1 1 1.15311 0.433013
0.144	 0 0 0.346891 0.433013 1 1 1.15311 0.433013
0.145	 0 0 0.346892 0.433013 1 1 1.15311 0.433013
0.146	 0 0 0.346892 0.433013 1 1 1.15311 0.433013
0.147	 0 0 0.346891 0.433013 1 1 1.15311 0.433013
0.148	 0 0 0.34689 0.433013 1 1 1.15311 0.433013
0.149	 0 0 0.346889 0.433013 1 1 1.15311 0.433013
0.15	 0 0 0.346887 0.433013 1 1 1.15311 0.433013
0.151	 0 0 0.346885 0.433013 1 1 1.15312 0.433013
0.152	 0 0 0.346882 0.433013 1 1 1.15312 0.433013
0.153	 0 0 0.346879 0.433013 1 1 1.15312 0.433013
0.154	 0 0 0.346876 0.433013 1 1 1.15312 0.433013
0.155	 0 0 0.346872 0.433013 1 1 1.15313 0.433013
0.156	 0 0 0.346868 0.433013 1 1 1.15313 0.433013
0.157	 0 0 0.346863 0.433013 1 1 1.15314 0.433013
0.158	 0 0 0.346858 0.433013 1 1 1.15314 0.433013
0.159	 0 0 0.346853 0.433013 1 1 1.15315 0.433013
0.16	 0 0 0.346848 0.433013 1 1 1.15315 0.433013
0.161	 0 0 0.346842 0.433013 1 1 1.15316 0.433013
0.162	 0 0 0.346836 0.433013 1 1 1.15316 0.433013
0.163	 0 0 0.346829 0.433013 1 1 1.15317 0.433013
0.164	 0 0 0.346823 0.433013 1 1 1.15318 0.433013
0.165	 0 0 0.346816 0.433013 1 1 1.15318 0.433013
0.166	 0 0 0.346808 0.433013 1 1 1.15319 0.433013
0.167	 0 0 0.346801 0.433013 1 1 1.1532 0.433013
0.168	 0 0 0.346793 0.433013 1 1 1.15321 0.433013
0.169	 0 0 0.346785 0.433013 1 1 1.15321 0.433013
0.17	 0 0 0.346777 0.433013 1 1 1.15322 0.433013
0.171	 0 0 0.346768 0.433013 1 1 1.15323 0.433013
0.172	 0 0 0.346759 0.433013 1 1 1.15324 0.433013
0.173	 0 0 0.34675 0.433013 1 1 1.15325 0.433013
0.174	 0 0 0.346741 0.433013 1 1 1.15326 0.433013
0.175	 0 0 0.346732 0.433013 1 1 1.15327 0.433013
0.176	 0 0 0.346722 0.433013 1 1 1.15328 0.433013
0.177	 0 0 0.346712 0.433013 1 1 1.15329 0.433013
0.178	 0 0 0.346702 0.433013 1 1 1.1533 0.433013
0.179	 0 0 0.346692 0.433013 1 1 1.15331 0.433013
0.18	 0 0 0.346682 0.433013 1 1 1.15332 0.433013
0.181	 0 0 0.346671 0.433013 1 1 1.15333 0.433013
0.182	 0 0 0.34666 0.433013 1 1 1.15334 0.433013
0.183	 0 0 0.346649 0.433013 1 1 1.15335 0.433013
0.184	 0 0 0.346638 0.433013 1 1 1.15336 0.433013
0.185	 0 0 0.346627 0.433013 1 1 1.15337 0.433013
0.186	 0 0 0.346616 0.433013 1 1 1.15338 0.433013
0.187	 0 0 0.346604 0.433013 1 1 1.1534 0.433013
0.188	 0 0 0.346592 0.433013 1 1 1.15341 0.433013
0.189	 0 0 0.346581 0.433013 1 1 1.15342 0.433013
0.19	 0 0 0.346569 0.433013 1 1 1.15343 0.433013
0.191	 0 0 0.346557 0.433013 1 1 1.15344 0.433013
0.192	 0 0 0.346544 0.433013 1 1 1.15346 0.433013
0.193	 0 0 0.346532 0.433013 1 1 1.15347 0.433013
0.194	 0 0 0.34652 0.433013 1 1 1.15348 0.433013
0.195	 0 0 0.346507 0.433013 1 1 1.15349 0.433013
0.196	 0 0 0.346494 0.433013 1 1 1.15351 0.433013
0.197	 0 0 0.346482 0.433013 1 1 1.15352 0.433013
0.198	 0 0 0.346469 0.433013 1 1 1.15353 0.433013
0.199	 0 0 0.346456 0.433013 1 1 1.15354 0.433013
0.2	 0 0 0.346443 0.433013 1 1 1.15356 0.433013
0.201	 0 0 0.34643 0.433013 1 1 1.15357 0.433013
0.202	 0 0 0.346417 0.433013 1 1 1.15358 0.433013
0.203	 0 0 0.346403 0.433013 1 1 1.1536 0.433013
0.204	 0 0 0.34639 0.433013 1 1 1.15361 0.433013
0.205	 0 0 0.346376 0.433013 1 1 1.15362 0.433013
0.206	 0 0 0.346363 0.433013 1 1 1.15364 0.433013
0.207	 0 0 0.346349 0.433013 1 1 1.15365 0.433013
0.208	 0 0 0.346336 0.433013 1 1 1.15366 0.433013
0.209	 0 0 0.346322 0.433013 1 1 1.15368 0.433013
0.21	 0 0 0.346308 0.433013 1 1 1.15369 0.433013
0.211	 0 0 0.346294 0.433013 1 1 1.15371 0.433013
0.212	 0 0 0.346281 0.433013 1 1 1.15372 0.433013
0.213	 0 0 0.346267 0.433013 1 1 1.15373 0.433013
0.214	 0 0 0.346253 0.433013 1 1 1.15375 0.433013
0.215	 0 0 0.346239 0.433013 1 1 1.15376 0.433013
0.216	 0 0 0.346225 0.433013 1 1 1.15378 0.433013
0.217	 0 0 0.34621 0.433013 1 1 1.15379 0.433013
0.218	 0 0 0.346196 0.433013 1 1 1.1538 0.433013
0.219	 0 0 0.346182 0.433013 1 1 1.15382 0.433013
0.22	 0 0 0.346168 0.433013 1 1 1.15383 0.433013
0.221	 0 0 0.346154 0.433013 1 1 1.15385 0.433013
0.222	 0 0 0.346139 0.433013 1 1 1.15386 0.433013
0.223	 0 0 0.346125 0.433013 1 1 1.15387 0.433013
0.224	 0 0 0.346111 0.433013 1 1 1.15389 0.433013
0.225	 0 0 0.346096 0.433013 1 1 1.1539 0.433013
0.226	 0 0 0.346082 0.433013 1 1 1.15392 0.433013
0.227	 0 0 0.346068 0.433013 1 1 1.15393 0.433013
0.228	 0 0 0.346053 0.433013 1 1 1.15395 0.433013
0.229	 0 0 0.346039 0.433013 1 1 1.15396 0.433013
0.23	 0 0 0.346024 0.433013 1 1 1.15398 0.433013
0.231	 0 0 0.34601 0.433013 1 1 1.15399 0.433013
0.232	 0 0 0.345995 0.433013 1 1 1.154 0.433013
0.233	 0 0 0.345981 0.433013 1 1 1.15402 0.433013
0.234	 0 0 0.345967 0.433013 1 1 1.15403 0.433013
0.235	 0 0 0.345952 0.433013 1 1 1.15405 0.433013
0.236	 0 0 0.345938 0.433013 1 1 1.15406 0.433013
0.237	 0 0 0.345923 0.433013 1 1 1.15408 0.433013
0.238	 0 0 0.345909 0.433013 1 1 1.15409 0.433013
0.239	 0 0 0.345894 0.433013 1 1 1.15411 0.433013
0.24	 0 0 0.34588 0.433013 1 1 1.15412 0.433013
0.241	 0 0 0.345865 0.433013 1 1 1.15413 0.433013
0.242	 0 0 0.345851 0.433013 1 1 1.15415 0.433013
0.243	 0 0 0.345836 0.433013 1 1 1.15416 0.433013
0.244	 0 0 0.345822 0.433013 1 1 1.15418 0.433013
0.245	 0 0 0.345807 0.433013 1 1 1.15419 0.433013
0.246	 0 0 0.345793 0.433013 1 1 1.15421 0.433013
0.247	 0 0 0.345778 0.433013 1 1 1.15422 0.433013
0.248	 0 0 0.345764 0.433013 1 1 1.15424 0.433013
0.249	 0 0 0.34575 0.433013 1 1 1.15425 0.433013
0.25	 0 0 0.345735 0.433013 1 1 1.15426 0.433013
0.251	 0 0 0.345721 0.433013 1 1 1.15428 0.433013
0.252	 0 0 0.345706 0.433013 1 1 1.15429 0.433013
0.253	 0 0 0.345692 0.433013 1 1 1.15431 0.433013
0.254	 0 0 0.345678 0.433013 1 1 1.15432 0.433013
0.255	 0 0 0.345663 0.433013 1 1 1.15434 0.433013
0.256	 0 0 0.345649 0.433013 1 1 1.15435 0.433013
0.257	 0 0 0.345635 0.433013 1 1 1.15437 0.433013
0.258	 0 0 0.345621 0.433013 1 1 1.15438 0.433013
0.259	 0 0 0.345606 0.433013 1 1 1.15439 0.433013
0.26	 0 0 0.345592 0.433013 1 1 1.15441 0.433013
0.261	 0 0 0.345578 0.433013 1 1 1.15442 0.433013
0.262	 0 0 0.345564 0.433013 1 1 1.15444 0.433013
0.263	 0 0 0.34555 0.433013 1 1 1.15445 0.433013
0.264	 0 0 0.345536 0.433013 1 1 1.15446 0.433013
0.265	 0 0 0.345521 0.433013 1 1 1.15448 0.433013
0.266	 0 0 0.345507 0.433013 1 1 1.15449 0.433013
0.267	 0 0 0.345493 0.433013 1 1 1.15451 0.433013
0.268	 0 0 0.345479 0.433013 1 1 1.15452 0.433013
0.269	 0 0 0.345465 0.433013 1 1 1.15453 0.433013
0.27	 0 0 0.345451 0.433013 1 1 1.15455 0.433013
0.271	 0 0 0.345438 0.433013 1 1 1.15456 0.433013
0.272	 0 0 0.345424 0.433013 1 1 1.15458 0.433013
0.273	 0 0 0.34541 0.433013 1 1 1.15459 0.433013
0.274	 0 0 0.345396 0.433013 1 1 1.1546 0.433013
0.275	 0 0 0.345382 0.433013 1 1 1.15462 0.433013
0.276	 0 0 0.345369 0.433013 1 1 1.15463 0.433013
0.277	 0 0 0.345355 0.433013 1 1 1.15465 0.433013
0.278	 0 0 0.345341 0.433013 1 1 1.15466 0.433013
0.279	 0 0 0.345328 0.433013 1 1 1.15467 0.433013
0.28	 0 0 0.345314 0.433013 1 1 1.15469 0.433013
0.281	 0 0 0.3453 0.433013 1 1 1.1547 0.433013
0.282	 0 0 0.345287 0.433013 1 1 1.15471 0.433013
0.283	 0 0 0.345273 0.433013 1 1 1.15473 0.433013
0.284	 0 0 0.34526 0.433013 1 1 1.15474 0.433013
0.285	 0 0 0.345246 0.433013 1 1 1.15475 0.433013
0.286	 0 0 0.345233 0.433013 1 1 1.15477 0.433013
0.287	 0 0 0.34522 0.433013 1 1 1.15478 0.433013
0.288	 0 0 0.345206 0.433013 1 1 1.15479 0.433013
0.289	 0 0 0.345193 0.433013 1 1 1.15481 0.433013
0.29	 0 0 0.34518 0.433013 1 1 1.15482 0.433013
0.291	 0 0 0.345167 0.433013 1 1 1.15483 0.433013
0.292	 0 0 0.345154 0.433013 1 1 1.15485 0.433013
0.293	 0 0 0.34514 0.433013 1 1 1.15486 0.433013
0.294	 0 0 0.345127 0.433013 1 1 1.15487 0.433013
0.295	 0 0 0.345114 0.433013 1 1 1.15489 0.433013
0.296	 0 0 0.345101 0.433013 1 1 1.1549 0.433013
0.297	 0 0 0.345088 0.433013 1 1 1.15491 0.433013
0.298	 0 0 0.345076 0.433013 1 1 1.15492 0.433013
0.299	 0 0 0.345063 0.433013 1 1 1.15494 0.433013
0.3	 0 0 0.34505 0.433013 1 1 1.15495 0.433013
0.301	 0 0 0.345037 0.433013 1 1 1.15496 0.433013
0.302	 0 0 0.345024 0.433013 1 1 1.15498 0.433013
0.303	 0 0 0.345012 0.433013 1 1 1.15499 0.433013
0.304	 0 0 0.344999 0.433013 1 1 1.155 0.433013
0.305	 0 0 0.344986 0.433013 1 1 1.15501 0.433013
0.306	 0 0 0.344974 0.433013 1 1 1.15503 0.433013
0.307	 0 0 0.344961 0.433013 1 1 1.15504 0.433013
0.308	 0 0 0.344949 0.433013 1 1 1.15505 0.433013
0.309	 0 0 0.344936 0.433013 1 1 1.15506 0.433013
0.31	 0 0 0.344924 0.433013 1 1 1.15508 0.433013
0.311	 0 0 0.344912 0.433013 1 1 1.15509 0.433013
0.312	 0 0 0.344899 0.433013 1 1 1.1551 0.433013
0.313	 0 0 0.344887 0.433013 1 1 1.15511 0.433013
0.314	 0 0 0.344875 0.433013 1 1 1.15513 0.433013
0.315	 0 0 0.344863 0.433013 1 1 1.15514 0.433013
0.316	 0 0 0.34485 0.433013 1 1 1.15515 0.433013
0.317	 0 0 0.344838 0.433013 1 1 1.15516 0.433013
0.318	 0 0 0.344826 0.433013 1 1 1.15517 0.433013
0.319	 0 0 0.344814 0.433013 1 1 1.15519 0.433013
0.32	 0 0 0.344802 0.433013 1 1 1.1552 0.433013
0.321	 0 0 0.34479 0.433013 1 1 1.15521 0.433013
0.322	 0 0 0.344779 0.433013 1 1 1.15522 0.433013
0.323	 0 0 0.344767 0.433013 1 1 1.15523 0.433013
0.324	 0 0 0.344755 0.433013 1 1 1.15525 0.433013
0.325	 0 0 0.344743 0.433013 1 1 1.15526 0.433013
0.326	 0 0 0.344732 0.433013 1 1 1.15527 0.433013
0.327	 0 0 0.34472 0.433013 1 1 1.15528 0.433013
0.328	 0 0 0.344708 0.433013 1 1 1.15529 0.433013
0.329	 0 0 0.344697 0.433013 1 1 1.1553 0.433013
0.33	 0 0 0.344685 0.433013 1 1 1.15531 0.433013
0.331	 0 0 0.344674 0.433013 1 1 1.15533 0.433013
0.332	 0 0 0.344662 0.433013 1 1 1.15534 0.433013
0.333	 0 0 0.344651 0.433013 1 1 1.15535 0.433013
0.334	 0 0 0.34464 0.433013 1 1 1.15536 0.433013
0.335	 0 0 0.344628 0.433013 1 1 1.15537 0.433013
0.336	 0 0 0.344617 0.433013 1 1 1.15538 0.433013
0.337	 0 0 0.344606 0.433013 1 1 1.15539 0.433013
0.338	 0 0 0.344595 0.433013 1 1 1.15541 0.433013
0.339	 0 0 0.344584 0.433013 1 1 1.15542 0.433013
0.34	 0 0 0.344572 0.433013 1 1 1.15543 0.433013
0.341	 0 0 0.344561 0.433013 1 1 1.15544 0.433013
0.342	 0 0 0.34455 0.433013 1 1 1.15545 0.433013
0.343	 0 0 0.34454 0.433013 1 1 1.15546 0.433013
0.344	 0 0 0.344529 0.433013 1 1 1.15547 0.433013
0.345	 0 0 0.344518 0.433013 1 1 1.15548 0.433013
0.346	 0 0 0.344507 0.433013 1 1 1.15549 0.433013
0.347	 0 0 0.344496 0.433013 1 1 1.1555 0.433013
0.348	 0 0 0.344485 0.433013 1 1 1.15551 0.433013
0.349	 0 0 0.344475 0.433013 1 1 1.15553 0.433013
0.35	 0 0 0.344464 0.433013 1 1 1.15554 0.433013
0.351	 0 0 0.344454 0.433013 1 1 1.15555 0.433013
0.352	 0 0 0.344443 0.433013 1 1 1.15556 0.433013
0.353	 0 0 0.344433 0.433013 1 1 1.15557 0.433013
0.354	 0 0 0.344422 0.433013 1 1 1.15558 0.433013
0.355	 0 0 0.344412 0.433013 1 1 1.15559 0.433013
0.356	 0 0 0.344401 0.433013 1 1 1.1556 0.433013
0.357	 0 0 0.344391 0.433013 1 1 1.15561 0.433013
0.358	 0 0 0.344381 0.433013 1 1 1.15562 0.433013
0.359	 0 0 0.34437 0.433013 1 1 1.15563 0.433013
0.36	 0 0 0.34436 0.433013 1 1 1.15564 0.433013
0.361	 0 0 0.34435 0.433013 1 1 1.15565 0.433013
0.362	 0 0 0.34434 0.433013 1 1 1.15566 0.433013
0.363	 0 0 0.34433 0.433013 1 1 1.15567 0.433013
0.364	 0 0 0.34432 0.433013 1 1 1.15568 0.433013
0.365	 0 0 0.34431 0.433013 1 1 1.15569 0.433013
0.366	 0 0 0.3443 0.433013 1 1 1.1557 0.433013
0.367	 0 0 0.34429 0.433013 1 1 1.15571 0.433013
0.368	 0 0 0.34428 0.433013 1 1 1.15572 0.433013
0.369	 0 0 0.34427 0.433013 1 1 1.15573 0.433013
0.37	 0 0 0.344261 0.433013 1 1 1.15574 0.433013
0.371	 0 0 0.344251 0.433013 1 1 1.15575 0.433013
0.372	 0 0 0.344241 0.433013 1 1 1.15576 0.433013
0.373	 0 0 0.344231 0.433013 1 1 1.15577 0.433013
0.374	 0 0 0.344222 0.433013 1 1 1.15578 0.433013
0.375	 0 0 0.344212 0.433013 1 1 1.15579 0.433013
0.376	 0 0 0.344203 0.433013 1 1 1.1558 0.433013
0.377	 0 0 0.344193 0.433013 1 1 1.15581 0.433013
0.378	 0 0 0.344184 0.433013 1 1 1.15582 0.433013
0.379	 0 0 0.344174 0.433013 1 1 1.15583 0.433013
0.38	 0 0 0.344165 0.433013 1 1 1.15583 0.433013
0.381	 0 0 0.344156 0.433013 1 1 1.15584 0.433013
0.382	 0 0 0.344147 0.433013 1 1 1.15585 0.433013
0.383	 0 0 0.344137 0.433013 1 1 1.15586 0.433013
0.384	 0 0 0.344128 0.433013 1 1 1.15587 0.433013
0.385	 0 0 0.344119 0.433013 1 1 1.15588 0.433013
0.386	 0 0 0.34411 0.433013 1 1 1.15589 0.433013
0.387	 0 0 0.344101 0.433013 1 1 1.1559 0.433013
0.388	 0 0 0.344092 0.433013 1 1 1.15591 0.433013
0.389	 0 0 0.344083 0.433013 1 1 1.15592 0.433013
0.39	 0 0 0.344074 0.433013 1 1 1.15593 0.433013
0.391	 0 0 0.344065 0.433013 1 1 1.15594 0.433013
0.392	 0 0 0.344056 0.433013 1 1 1.15594 0.433013
0.393	 0 0 0.344047 0.433013 1 1 1.15595 0.433013
0.394	 0 0 0.344038 0.433013 1 1 1.15596 0.433013
0.395	 0 0 0.34403 0.433013 1 1 1.15597 0.433013
0.396	 0 0 0.344021 0.433013 1 1 1.15598 0.433013
0.397	 0 0 0.344012 0.433013 1 1 1.15599 0.433013
0.398	 0 0 0.344004 0.433013 1 1 1.156 0.433013
0.399	 0 0 0.343995 0.433013 1 1 1.15601 0.433013
0.4	 0 0 0.343986 0.433013 1 1 1.15601 0.433013
0.401	 0 0 0.343978 0.433013 1 1 1.15602 0.433013
0.402	 0 0 0.343969 0.433013 1 1 1.15603 0.433013
0.403	 0 0 0.343961 0.433013 1 1 1.15604 0.433013
0.404	 0 0 0.343952 0.433013 1 1 1.15605 0.433013
0.405	 0 0 0.343944 0.433013 1 1 1.15606 0.433013
0.406	 0 0 0.343936 0.433013 1 1 1.15606 0.433013
0.407	 0 0 0.343927 0.433013 1 1 1.15607 0.433013
0.408	 0 0 0.343919 0.433013 1 1 1.15608 0.433013
0.409	 0 0 0.343911 0.433013 1 1 1.15609 0.433013
0.41	 0 0 0.343903 0.433013 1 1 1.1561 0.433013
0.411	 0 0 0.343895 0.433013 1 1 1.15611 0.433013
0.412	 0 0 0.343887 0.433013 1 1 1.15611 0.433013
0.413	 0 0 0.343878 0.433013 1 1 1.15612 0.433013
0.414	 0 0 0.34387 0.433013 1 1 1.15613 0.433013
0.415	 0 0 0.343862 0.433013 1 1 1.15614 0.433013
0.416	 0 0 0.343854 0.433013 1 1 1.15615 0.433013
0.417	 0 0 0.343846 0.433013 1 1 1.15615 0.433013
0.418	 0 0 0.343839 0.433013 1 1 1.15616 0.433013
0.419	 0 0 0.343831 0.433013 1 1 1.15617 0.433013
0.42	 0 0 0.343823 0.433013 1 1 1.15618 0.433013
0.421	 0 0 0.343815 0.433013 1 1 1.15618 0.433013
0.422	 0 0 0.343807 0.433013 1 1 1.15619 0.433013
0.423	 0 0 0.3438 0.433013 1 1 1.1562 0.433013
0.424	 0 0 0.343792 0.433013 1 1 1.15621 0.433013
0.425	 0 0 0.343784 0.433013 1 1 1.15622 0.433013
0.426	 0 0 0.343777 0.433013 1 1 1.15622 0.433013
0.427	 0 0 0.343769 0.433013 1 1 1.15623 0.433013
0.428	 0 0 0.343762 0.433013 1 1 1.15624 0.433013
0.429	 0 0 0.343754 0.433013 1 1 1.15625 0.433013
0.43	 0 0 0.343747 0.433013 1 1 1.15625 0.433013
0.431	 0 0 0.343739 0.433013 1 1 1.15626 0.433013
0.432	 0 0 0.343732 0.433013 1 1 1.15627 0.433013
0.433	 0 0 0.343724 0.433013 1 1 1.15628 0.433013
0.434	 0 0 0.343717 0.433013 1 1 1.15628 0.433013
0.435	 0 0 0.34371 0.433013 1 1 1.15629 0.433013
0.436	 0 0 0.343702 0.433013 1 1 1.1563 0.433013
0.437	 0 0 0.343695 0.433013 1 1 1.1563 0.433013
0.438	 0 0 0.343688 0.433013 1 1 1.15631 0.433013
0.439	 0 0 0.343681 0.433013 1 1 1.15632 0.433013
0.44	 0 0 0.343674 0.433013 1 1 1.15633 0.433013
0.441	 0 0 0.343667 0.433013 1 1 1.15633 0.433013
0.442	 0 0 0.34366 0.433013 1 1 1.15634 0.433013
0.443	 0 0 0.343653 0.433013 1 1 1.15635 0.433013
0.444	 0 0 0.343646 0.433013 1 1 1.15635 0.433013
0.445	 0 0 0.343639 0.433013 1 1 1.15636 0.433013
0.446	 0 0 0.343632 0.433013 1 1 1.15637 0.433013
0.447	 0 0 0.343625 0.433013 1 1 1.15638 0.433013
0.448	 0 0 0.343618 0.433013 1 1 1.15638 0.433013
0.449	 0 0 0.343611 0.433013 1 1 1.15639 0.433013
0.45	 0 0 0.343604 0.433013 1 1 1.1564 0.433013
0.451	 0 0 0.343597 0.433013 1 1 1.1564 0.433013
0.452	 0 0 0.343591 0.433013 1 1 1.15641 0.433013
0.453	 0 0 0.343584 0.433013 1 1 1.15642 0.433013
0.454	 0 0 0.343577 0.433013 1 1 1.15642 0.433013
0.455	 0 0 0.343571 0.433013 1 1 1.15643 0.433013
0.456	 0 0 0.343564 0.433013 1 1 1.15644 0.433013
0.457	 0 0 0.343557 0.433013 1 1 1.15644 0.433013
0.458	 0 0 0.343551 0.433013 1 1 1.15645 0.433013
0.459	 0 0 0.343544 0.433013 1 1 1.15646 0.433013
0.46	 0 0 0.343538 0.433013 1 1 1.15646 0.433013
0.461	 0 0 0.343531 0.433013 1 1 1.15647 0.433013
0.462	 0 0 0.343525 0.433013 1 1 1.15648 0.433013
0.463	 0 0 0.343518 0.433013 1 1 1.15648 0.433013
0.464	 0 0 0.343512 0.433013 1 1 1.15649 0.433013
0.465	 0 0 0.343506 0.433013 1 1 1.15649 0.433013
0.466	 0 0 0.343499 0.433013 1 1 1.1565 0.433013
0.467	 0 0 0.343493 0.433013 1 1 1.15651 0.433013
0.468	 0 0 0.343487 0.433013 1 1 1.15651 0.433013
0.469	 0 0 0.343481 0.433013 1 1 1.15652 0.433013
0.47	 0 0 0.343474 0.433013 1 1 1.15653 0.433013
0.471	 0 0 0.343468 0.433013 1 1 1.15653 0.433013
0.472	 0 0 0.343462 0.433013 1 1 1.15654 0.433013
0.473	 0 0 0.343456 0.433013 1 1 1.15654 0.433013
0.474	 0 0 0.34345 0.433013 1 1 1.15655 0.433013
0.475	 0 0 0.343444 0.433013 1 1 1.15656 0.433013
0.476	 0 0 0.343438 0.433013 1 1 1.15656 0.433013
0.477	 0 0 0.343432 0.433013 1 1 1.15657 0.433013
0.478	 0 0 0.343426 0.433013 1 1 1.15657 0.433013
0.479	 0 0 0.34342 0.433013 1 1 1.15658 0.433013
0.48	 0 0 0.343414 0.433013 1 1 1.15659 0.433013
0.481	 0 0 0.343408 0.433013 1 1 1.15659 0.433013
0.482	 0 0 0.343402 0.433013 1 1 1.1566 0.433013
0.483	 0 0 0.343396 0.433013 1 1 1.1566 0.433013
0.484	 0 0 0.343391 0.433013 1 1 1.15661 0.433013
0.485	 0 0 0.343385 0.433013 1 1 1.15662 0.433013
0.486	 0 0 0.343379 0.433013 1 1 1.15662 0.433013
0.487	 0 0 0.343373 0.433013 1 1 1.15663 0.433013
0.488	 0 0 0.343368 0.433013 1 1 1.15663 0.433013
0.489	 0 0 0.343362 0.433013 1 1 1.15664 0.433013
0.49	 0 0 0.343356 0.433013 1 1 1.15664 0.433013
0.491	 0 0 0.343351 0.433013 1 1 1.15665 0.433013
0.492	 0 0 0.343345 0.433013 1 1 1.15665 0.433013
0.493	 0 0 0.34334 0.433013 1 1 1.15666 0.433013
0.494	 0 0 0.343334 0.433013 1 1 1.15667 0.433013
0.495	 0 0 0.343328 0.433013 1 1 1.15667 0.433013
0.496	 0 0 0.343323 0.433013 1 1 1.15668 0.433013
0.497	 0 0 0.343318 0.433013 1 1 1.15668 0.433013
0.498	 0 0 0.343312 0.433013 1 1 1.15669 0.433013
0.499	 0 0 0.343307 0.433013 1 1 1.15669 0.433013
0.5	 0 0 0.343301 0.433013 1 1 1.1567 0.433013
0.501	 0 0 0.343296 0.433013 1 1 1.1567 0.433013
0.502	 0 0 0.343291 0.433013 1 1 1.15671 0.433013
0.503	 0 0 0.343285 0.433013 1 1 1.15671 0.433013
0.504	 0 0 0.34328 0.433013 1 1 1.15672 0.433013
0.505	 0 0 0.343275 0.433013 1 1 1.15673 0.433013
0.506	 0 0 0.343269 0.433013 1 1 1.15673 0.433013
0.507	 0 0 0.343264 0.433013 1 1 1.15674 0.433013
0.508	 0 0 0.343259 0.433013 1 1 1.15674 0.433013
0.509	 0 0 0.343254 0.433013 1 1 1.15675 0.433013
0.51	 0 0 0.343249 0.433013 1 1 1.15675 0.433013
0.511	 0 0 0.343244 0.433013 1 1 1.15676 0.433013
0.512	 0 0 0.343239 0.433013 1 1 1.15676 0.433013
0.513	 0 0 0.343234 0.433013 1 1 1.15677 0.433013
0.514	 0 0 0.343229 0.433013 1 1 1.15677 0.433013
0.515	 0 0 0.343223 0.433013 1 1 1.15678 0.433013
0.516	 0 0 0.343219 0.433013 1 1 1.15678 0.433013
0.517	 0 0 0.343214 0.433013 1 1 1.15679 0.433013
0.518	 0 0 0.343209 0.433013 1 1 1.15679 0.433013
0.519	 0 0 0.343204 0.433013 1 1 1.1568 0.433013
0.52	 0 0 0.343199 0.433013 1 1 1.1568 0.433013
0.521	 0 0 0.343194 0.433013 1 1 1.15681 0.433013
0.522	 0 0 0.343189 0.433013 1 1 1.15681 0.433013
0.523	 0 0 0.343184 0.433013 1 1 1.15682 0.433013
0.524	 0 0 0.343179 0.433013 1 1 1.15682 0.433013
0.525	 0 0 0.343175 0.433013 1 1 1.15683 0.433013
0.526	 0 0 0.34317 0.433013 1 1 1.15683 0.433013
0.527	 0 0 0.343165 0.433013 1 1 1.15683 0.433013
0.528	 0 0 0.34316 0.433013 1 1 1.15684 0.433013
0.529	 0 0 0.343156 0.433013 1 1 1.15684 0.433013
0.53	 0 0 0.343151 0.433013 1 1 1.15685 0.433013
0.531	 0 0 0.343146 0.433013 1 1 1.15685 0.433013
0.532	 0 0 0.343142 0.433013 1 1 1.15686 0.433013
0.533	 0 0 0.343137 0.433013 1 1 1.15686 0.433013
0.534	 0 0 0.343133 0.433013 1 1 1.15687 0.433013
0.535	 0 0 0.343128 0.433013 1 1 1.15687 0.433013
0.536	 0 0 0.343124 0.433013 1 1 1.15688 0.433013
0.537	 0 0 0.343119 0.433013 1 1 1.15688 0.433013
0.538	 0 0 0.343115 0.433013 1 1 1.15689 0.433013
0.539	 0 0 0.34311 0.433013 1 1 1.15689 0.433013
0.54	 0 0 0.343106 0.433013 1 1 1.15689 0.433013
0.541	 0 0 0.343101 0.433013 1 1 1.1569 0.433013
0.542	 0 0 0.343097 0.433013 1 1 1.1569 0.433013
0.543	 0 0 0.343092 0.433013 1 1 1.15691 0.433013
0.544	 0 0 0.343088 0.433013 1 1 1.15691 0.433013
0.545	 0 0 0.343084 0.433013 1 1 1.15692 0.433013
0.546	 0 0 0.343079 0.433013 1 1 1.15692 0.433013
0.547	 0 0 0.343075 0.433013 1 1 1.15692 0.433013
0.548	 0 0 0.343071 0.433013 1 1 1.15693 0.433013
0.549	 0 0 0.343066 0.433013 1 1 1.15693 0.433013
0.55	 0 0 0.343062 0.433013 1 1 1.15694 0.433013
0.551	 0 0 0.343058 0.433013 1 1 1.15694 0.433013
0.552	 0 0 0.343054 0.433013 1 1 1.15695 0.433013
0.553	 0 0 0.34305 0.433013 1 1 1.15695 0.433013
0.554	 0 0 0.343045 0.433013 1 1 1.15695 0.433013
0.555	 0 0 0.343041 0.433013 1 1 1.15696 0.433013
0.556	 0 0 0.343037 0.433013 1 1 1.15696 0.433013
0.557	 0 0 0.343033 0.433013 1 1 1.15697 0.433013
0.558	 0 0 0.343029 0.433013 1 1 1.15697 0.433013
0.559	 0 0 0.343025 0.433013 1 1 1.15698 0.433013
0.56	 0 0 0.343021 0.433013 1 1 1.15698 0.433013
0.561	 0 0 0.343017 0.433013 1 1 1.15698 0.433013
0.562	 0 0 0.343013 0.433013 1 1 1.15699 0.433013
0.563	 0 0 0.343009 0.433013 1 1 1.15699 0.433013
0.564	 0 0 0.343005 0.433013 1 1 1.157 0.433013
0.565	 0 0 0.343001 0.433013 1 1 1.157 0.433013
0.566	 0 0 0.342997 0.433013 1 1 1.157 0.433013
0.567	 0 0 0.342993 0.433013 1 1 1.15701 0.433013
0.568	 0 0 0.342989 0.433013 1 1 1.15701 0.433013
0.569	 0 0 0.342985 0.433013 1 1 1.15701 0.433013
0.57	 0 0 0.342981 0.433013 1 1 1.15702 0.433013
0.571	 0 0 0.342978 0.433013 1 1 1.15702 0.433013
0.572	 0 0 0.342974 0.433013 1 1 1.15703 0.433013
0.573	 0 0 0.34297 0.433013 1 1 1.15703 0.433013
0.574	 0 0 0.342966 0.433013 1 1 1.15703 0.433013
0.575	 0 0 0.342962 0.433013 1 1 1.15704 0.433013
0.576	 0 0 0.342959 0.433013 1 1 1.15704 0.433013
0.577	 0 0 0.342955 0.433013 1 1 1.15705 0.433013
0.578	 0 0 0.342951 0.433013 1 1 1.15705 0.433013
0.579	 0 0 0.342948 0.433013 1 1 1.15705 0.433013
0.58	 0 0 0.342944 0.433013 1 1 1.15706 0.433013
0.581	 0 0 0.34294 0.433013 1 1 1.15706 0.433013
0.582	 0 0 0.342937 0.433013 1 1 1.15706 0.433013
0.583	 0 0 0.342933 0.433013 1 1 1.15707 0.433013
0.584	 0 0 0.342929 0.433013 1 1 1.15707 0.433013
0.585	 0 0 0.342926 0.433013 1 1 1.15707 0.433013
0.586	 0 0 0.342922 0.433013 1 1 1.15708 0.433013
0.587	 0 0 0.342919 0.433013 1 1 1.15708 0.433013
0.588	 0 0 0.342915 0.433013 1 1 1.15708 0.433013
0.589	 0 0 0.342912 0.433013 1 1 1.15709 0.433013
0.59	 0 0 0.342908 0.433013 1 1 1.15709 0.433013
0.591	 0 0 0.342905 0.433013 1 1 1.1571 0.433013
0.592	 0 0 0.342901 0.433013 1 1 1.1571 0.433013
0.593	 0 0 0.342898 0.433013 1 1 1.1571 0.433013
0.594	 0 0 0.342894 0.433013 1 1 1.15711 0.433013
0.595	 0 0 0.342891 0.433013 1 1 1.15711 0.433013
0.596	 0 0 0.342887 0.433013 1 1 1.15711 0.433013
0.597	 0 0 0.342884 0.433013 1 1 1.15712 0.433013
0.598	 0 0 0.342881 0.433013 1 1 1.15712 0.433013
0.599	 0 0 0.342877 0.433013 1 1 1.15712 0.433013
0.6	 0 0 0.342874 0.433013 1 1 1.15713 0.433013
0.601	 0 0 0.342871 0.433013 1 1 1.15713 0.433013
0.602	 0 0 0.342867 0.433013 1 1 1.15713 0.433013
0.603	 0 0 0.342864 0.433013 1 1 1.15714 0.433013
0.604	 0 0 0.342861 0.433013 1 1 1.15714 0.433013
0.605	 0 0 0.342857 0.433013 1 1 1.15714 0.433013
0.606	 0 0 0.342854 0.433013 1 1 1.15715 0.433013
0.607	 0 0 0.342851 0.433013 1 1 1.15715 0.433013
0.608	 0 0 0.342848 0.433013 1 1 1.15715 0.433013
0.609	 0 0 0.342845 0.433013 1 1 1.15716 0.433013
0.61	 0 0 0.342841 0.433013 1 1 1.15716 0.433013
0.611	 0 0 0.342838 0.433013 1 1 1.15716 0.433013
0.612	 0 0 0.342835 0.433013 1 1 1.15716 0.433013
0.613	 0 0 0.342832 0.433013 1 1 1.15717 0.433013
0.614	 0 0 0.342829 0.433013 1 1 1.15717 0.433013
0.615	 0 0 0.342826 0.433013 1 1 1.15717 0.433013
0.616	 0 0 0.342823 0.433013 1 1 1.15718 0.433013
0.617	 0 0 0.34282 0.433013 1 1 1.15718 0.433013
0.618	 0 0 0.342816 0.433013 1 1 1.15718 0.433013
0.619	 0 0 0.342813 0.433013 1 1 1.15719 0.433013
0.62	 0 0 0.34281 0.433013 1 1 1.15719 0.433013
0.621	 0 0 0.342807 0.433013 1 1 1.15719 0.433013
0.622	 0 0 0.342804 0.433013 1 1 1.1572 0.433013
0.623	 0 0 0.342801 0.433013 1 1 1.1572 0.433013
0.624	 0 0 0.342798 0.433013 1 1 1.1572 0.433013
0.625	 0 0 0.342795 0.433013 1 1 1.1572 0.433013
0.626	 0 0 0.342792 0.433013 1 1 1.15721 0.433013
0.627	 0 0 0.34279 0.433013 1 1 1.15721 0.433013
0.628	 0 0 0.342787 0.433013 1 1 1.15721 0.433013
0.629	 0 0 0.342784 0.433013 1 1 1.15722 0.433013
0.63	 0 0 0.342781 0.433013 1 1 1.15722 0.433013
0.631	 0 0 0.342778 0.433013 1 1 1.15722 0.433013
0.632	 0 0 0.342775 0.433013 1 1 1.15722 0.433013
0.633	 0 0 0.342772 0.433013 1 1 1.15723 0.433013
0.634	 0 0 0.342769 0.433013 1 1 1.15723 0.433013
0.635	 0 0 0.342767 0.433013 1 1 1.15723 0.433013
0.636	 0 0 0.342764 0.433013 1 1 1.15724 0.433013
0.637	 0 0 0.342761 0.433013 1 1 1.15724 0.433013
0.638	 0 0 0.342758 0.433013 1 1 1.15724 0.433013
0.639	 0 0 0.342755 0.433013 1 1 1.15724 0.433013
0.64	 0 0 0.342753 0.433013 1 1 1.15725 0.433013
0.641	 0 0 0.34275 0.433013 1 1 1.15725 0.433013
0.642	 0 0 0.342747 0.433013 1 1 1.15725 0.433013
0.643	 0 0 0.342744 0.433013 1 1 1.15726 0.433013
0.644	 0 0 0.342742 0.433013 1 1 1.15726 0.433013
0.645	 0 0 0.342739 0.433013 1 1 1.15726 0.433013
0.646	 0 0 0.342736 0.433013 1 1 1.15726 0.433013
0.647	 0 0 0.342734 0.433013 1 1 1.15727 0.433013
0.648	 0 0 0.342731 0.433013 1 1 1.15727 0.433013
0.649	 0 0 0.342728 0.433013 1 1 1.15727 0.433013
0.65	 0 0 0.342726 0.433013 1 1 1.15727 0.433013
0.651	 0 0 0.342723 0.433013 1 1 1.15728 0.433013
0.652	 0 0 0.342721 0.433013 1 1 1.15728 0.433013
0.653	 0 0 0.342718 0.433013 1 1 1.15728 0.433013
0.654	 0 0 0.342715 0.433013 1 1 1.15728 0.433013
0.655	 0 0 0.342713 0.433013 1 1 1.15729 0.433013
0.656	 0 0 0.34271 0.433013 1 1 1.15729 0.433013
0.657	 0 0 0.342708 0.433013 1 1 1.15729 0.433013
0.658	 0 0 0.342705 0.433013 1 1 1.15729 0.433013
0.659	 0 0 0.342703 0.433013 1 1 1.1573 0.433013
0.66	 0 0 0.3427 0.433013 1 1 1.1573 0.433013
0.661	 0 0 0.342698 0.433013 1 1 1.1573 0.433013
0.662	 0 0 0.342695 0.433013 1 1 1.1573 0.433013
0.663	 0 0 0.342693 0.433013 1 1 1.15731 0.433013
0.664	 0 0 0.34269 0.433013 1 1 1.15731 0.433013
0.665	 0 0 0.342688 0.433013 1 1 1.15731 0.433013
0.666	 0 0 0.342685 0.433013 1 1 1.15731 0.433013
0.667	 0 0 0.342683 0.433013 1 1 1.15732 0.433013
0.668	 0 0 0.342681 0.433013 1 1 1.15732 0.433013
0.669	 0 0 0.342678 0.433013 1 1 1.15732 0.433013
0.67	 0 0 0.342676 0.433013 1 1 1.15732 0.433013
0.671	 0 0 0.342673 0.433013 1 1 1.15733 0.433013
0.672	 0 0 0.342671 0.433013 1 1 1.15733 0.433013
0.673	 0 0 0.342669 0.433013 1 1 1.15733 0.433013
0.674	 0 0 0.342666 0.433013 1 1 1.15733 0.433013
0.675	 0 0 0.342664 0.433013 1 1 1.15734 0.433013
0.676	 0 0 0.342662 0.433013 1 1 1.15734 0.433013
0.677	 0 0 0.342659 0.433013 1 1 1.15734 0.433013
0.678	 0 0 0.342657 0.433013 1 1 1.15734 0.433013
0.679	 0 0 0.342655 0.433013 1 1 1.15735 0.433013
0.68	 0 0 0.342653 0.433013 1 1 1.15735 0.433013
0.681	 0 0 0.34265 0.433013 1 1 1.15735 0.433013
0.682	 0 0 0.342648 0.433013 1 1 1.15735 0.433013
0.683	 0 0 0.342646 0.433013 1 1 1.15735 0.433013
0.684	 0 0 0.342644 0.433013 1 1 1.15736 0.433013
0.685	 0 0 0.342641 0.433013 1 1 1.15736 0.433013
0.686	 0 0 0.342639 0.433013 1 1 1.15736 0.433013
0.687	 0 0 0.342637 0.433013 1 1 1.15736 0.433013
0.688	 0 0 0.342635 0.433013 1 1 1.15737 0.433013
0.689	 0 0 0.342633 0.433013 1 1 1.15737 0.433013
0.69	 0 0 0.34263 0.433013 1 1 1.15737 0.433013
0.691	 0 0 0.342628 0.433013 1 1 1.15737 0.433013
0.692	 0 0 0.342626 0.433013 1 1 1.15737 0.433013
0.693	 0 0 0.342624 0.433013 1 1 1.15738 0.433013
0.694	 0 0 0.342622 0.433013 1 1 1.15738 0.433013
0.695	 0 0 0.34262 0.433013 1 1 1.15738 0.433013
0.696	 0 0 0.342618 0.433013 1 1 1.15738 0.433013
0.697	 0 0 0.342616 0.433013 1 1 1.15738 0.433013
0.698	 0 0 0.342614 0.433013 1 1 1.15739 0.433013
0.699	 0 0 0.342611 0.433013 1 1 1.15739 0.433013
0.7	 0 0 0.342609 0.433013 1 1 1.15739 0.433013
0.701	 0 0 0.342607 0.433013 1 1 1.15739 0.433013
0.702	 0 0 0.342605 0.433013 1 1 1.15739 0.433013
0.703	 0 0 0.342603 0.433013 1 1 1.1574 0.433013
0.704	 0 0 0.342601 0.433013 1 1 1.1574 0.433013
0.705	 0 0 0.342599 0.433013 1 1 1.1574 0.433013
0.706	 0 0 0.342597 0.433013 1 1 1.1574 0.433013
0.707	 0 0 0.342595 0.433013 1 1 1.1574 0.433013
0.708	 0 0 0.342593 0.433013 1 1 1.15741 0.433013
0.709	 0 0 0.342591 0.433013 1 1 1.15741 0.433013
0.71	 0 0 0.342589 0.433013 1 1 1.15741 0.433013
0.711	 0 0 0.342587 0.433013 1 1 1.15741 0.433013
0.712	 0 0 0.342585 0.433013 1 1 1.15741 0.433013
0.713	 0 0 0.342583 0.433013 1 1 1.15742 0.433013
0.714	 0 0 0.342581 0.433013 1 1 1.15742 0.433013
0.715	 0 0 0.34258 0.433013 1 1 1.15742 0.433013
0.716	 0 0 0.342578 0.433013 1 1 1.15742 0.433013
0.717	 0 0 0.342576 0.433013 1 1 1.15742 0.433013
0.718	 0 0 0.342574 0.433013 1 1 1.15743 0.433013
0.719	 0 0 0.342572 0.433013 1 1 1.15743 0.433013
0.72	 0 0 0.34257 0.433013 1 1 1.15743 0.433013
0.721	 0 0 0.342568 0.433013 1 1 1.15743 0.433013
0.722	 0 0 0.342566 0.433013 1 1 1.15743 0.433013
0.723	 0 0 0.342565 0.433013 1 1 1.15744 0.433013
0.724	 0 0 0.342563 0.433013 1 1 1.15744 0.433013
0.725	 0 0 0.342561 0.433013 1 1 1.15744 0.433013
0.726	 0 0 0.342559 0.433013 1 1 1.15744 0.433013
0.727	 0 0 0.342557 0.433013 1 1 1.15744 0.433013
0.728	 0 0 0.342555 0.433013 1 1 1.15744 0.433013
0.729	 0 0 0.342554 0.433013 1 1 1.15745 0.433013
0.73	 0 0 0.342552 0.433013 1 1 1.15745 0.433013
0.731	 0 0 0.34255 0.433013 1 1 1.15745 0.433013
0.732	 0 0 0.342548 0.433013 1 1 1.15745 0.433013
0.733	 0 0 0.342547 0.433013 1 1 1.15745 0.433013
0.734	 0 0 0.342545 0.433013 1 1 1.15746 0.433013
0.735	 0 0 0.342543 0.433013 1 1 1.15746 0.433013
0.736	 0 0 0.342541 0.433013 1 1 1.15746 0.433013
0.737	 0 0 0.34254 0.433013 1 1 1.15746 0.433013
0.738	 0 0 0.342538 0.433013 1 1 1.15746 0.433013
0.739	 0 0 0.342536 0.433013 1 1 1.15746 0.433013
0.74	 0 0 0.342534 0.433013 1 1 1.15747 0.433013
0.741	 0 0 0.342533 0.433013 1 1 1.15747 0.433013
0.742	 0 0 0.342531 0.433013 1 1 1.15747 0.433013
0.743	 0 0 0.342529 0.433013 1 1 1.15747 0.433013
0.744	 0 0 0.342528 0.433013 1 1 1.15747 0.433013
0.745	 0 0 0.342526 0.433013 1 1 1.15747 0.433013
0.746	 0 0 0.342524 0.433013 1 1 1.15748 0.433013
0.747	 0 0 0.342523 0.433013 1 1 1.15748 0.433013
0.748	 0 0 0.342521 0.433013 1 1 1.15748 0.433013
0.749	 0 0 0.342519 0.433013 1 1 1.15748 0.433013
0.75	 0 0 0.342518 0.433013 1 1 1.15748 0.433013
0.751	 0 0 0.342516 0.433013 1 1 1.15748 0.433013
0.752	 0 0 0.342515 0.433013 1 1 1.15749 0.433013
0.753	 0 0 0.342513 0.433013 1 1 1.15749 0.433013
0.754	 0 0 0.342511 0.433013 1 1 1.15749 0.433013
0.755	 0 0 0.34251 0.433013 1 1 1.15749 0.433013
0.756	 0 0 0.342508 0.433013 1 1 1.15749 0.433013
0.757	 0 0 0.342507 0.433013 1 1 1.15749 0.433013
0.758	 0 0 0.342505 0.433013 1 1 1.15749 0.433013
0.759	 0 0 0.342504 0.433013 1 1 1.1575 0.433013
0.76	 0 0 0.342502 0.433013 1 1 1.1575 0.433013
0.761	 0 0 0.342501 0.433013 1 1 1.1575 0.433013
0.762	 0 0 0.342499 0.433013 1 1 1.1575 0.433013
0.763	 0 0 0.342497 0.433013 1 1 1.1575 0.433013
0.764	 0 0 0.342496 0.433013 1 1 1.1575 0.433013
0.765	 0 0 0.342494 0.433013 1 1 1.15751 0.433013
0.766	 0 0 0.342493 0.433013 1 1 1.15751 0.433013
0.767	 0 0 0.342491 0.433013 1 1 1.15751 0.433013
0.768	 0 0 0.34249 0.433013 1 1 1.15751 0.433013
0.769	 0 0 0.342488 0.433013 1 1 1.15751 0.433013
0.77	 0 0 0.342487 0.433013 1 1 1.15751 0.433013
0.771	 0 0 0.342486 0.433013 1 1 1.15751 0.433013
0.772	 0 0 0.342484 0.433013 1 1 1.15752 0.433013
0.773	 0 0 0.342483 0.433013 1 1 1.15752 0.433013
0.774	 0 0 0.342481 0.433013 1 1 1.15752 0.433013
0.775	 0 0 0.34248 0.433013 1 1 1.15752 0.433013
0.776	 0 0 0.342478 0.433013 1 1 1.15752 0.433013
0.777	 0 0 0.342477 0.433013 1 1 1.15752 0.433013
0.778	 0 0 0.342475 0.433013 1 1 1.15752 0.433013
0.779	 0 0 0.342474 0.433013 1 1 1.15753 0.433013
0.78	 0 0 0.342473 0.433013 1 1 1.15753 0.433013
0.781	 0 0 0.342471 0.433013 1 1 1.15753 0.433013
0.782	 0 0 0.34247 0.433013 1 1 1.15753 0.433013
0.783	 0 0 0.342468 0.433013 1 1 1.15753 0.433013
0.784	 0 0 0.342467 0.433013 1 1 1.15753 0.433013
0.785	 0 0 0.342466 0.433013 1 1 1.15753 0.433013
0.786	 0 0 0.342464 0.433013 1 1 1.15754 0.433013
0.787	 0 0 0.342463 0.433013 1 1 1.15754 0.433013
0.788	 0 0 0.342462 0.433013 1 1 1.15754 0.433013
0.789	 0 0 0.34246 0.433013 1 1 1.15754 0.433013
0.79	 0 0 0.342459 0.433013 1 1 1.15754 0.433013
0.791	 0 0 0.342458 0.433013 1 1 1.15754 0.433013
0.792	 0 0 0.342456 0.433013 1 1 1.15754 0.433013
0.793	 0 0 0.342455 0.433013 1 1 1.15755 0.433013
0.794	 0 0 0.342454 0.433013 1 1 1.15755 0.433013
0.795	 0 0 0.342452 0.433013 1 1 1.15755 0.433013
0.796	 0 0 0.342451 0.433013 1 1 1.15755 0.433013
0.797	 0 0 0.34245 0.433013 1 1 1.15755 0.433013
0.798	 0 0 0.342448 0.433013 1 1 1.15755 0.433013
0.799	 0 0 0.342447 0.433013 1 1 1.15755 0.433013
0.8	 0 0 0.342446 0.433013 1 1 1.15755 0.433013
0.801	 0 0 0.342445 0.433013 1 1 1.15756 0.433013
0.802	 0 0 0.342443 0.433013 1 1 1.15756 0.433013
0.803	 0 0 0.342442 0.433013 1 1 1.15756 0.433013
0.804	 0 0 0.342441 0.433013 1 1 1.15756 0.433013
0.805	 0 0 0.34244 0.433013 1 1 1.15756 0.433013
0.806	 0 0 0.342438 0.433013 1 1 1.15756 0.433013
0.807	 0 0 0.342437 0.433013 1 1 1.15756 0.433013
0.808	 0 0 0.342436 0.433013 1 1 1.15756 0.433013
0.809	 0 0 0.342435 0.433013 1 1 1.15757 0.433013
0.81	 0 0 0.342433 0.433013 1 1 1.15757 0.433013
0.811	 0 0 0.342432 0.433013 1 1 1.15757 0.433013
0.812	 0 0 0.342431 0.433013 1 1 1.15757 0.433013
0.813	 0 0 0.34243 0.433013 1 1 1.15757 0.433013
0.814	 0 0 0.342429 0.433013 1 1 1.15757 0.433013
0.815	 0 0 0.342428 0.433013 1 1 1.15757 0.433013
0.816	 0 0 0.342426 0.433013 1 1 1.15757 0.433013
0.817	 0 0 0.342425 0.433013 1 1 1.15757 0.433013
0.818	 0 0 0.342424 0.433013 1 1 1.15758 0.433013
0.819	 0 0 0.342423 0.433013 1 1 1.15758 0.433013
0.82	 0 0 0.342422 0.433013 1 1 1.15758 0.433013
0.821	 0 0 0.342421 0.433013 1 1 1.15758 0.433013
0.822	 0 0 0.342419 0.433013 1 1 1.15758 0.433013
0.823	 0 0 0.342418 0.433013 1 1 1.15758 0.433013
0.824	 0 0 0.342417 0.433013 1 1 1.15758 0.433013
0.825	 0 0 0.342416 0.433013 1 1 1.15758 0.433013
0.826	 0 0 0.342415 0.433013 1 1 1.15759 0.433013
0.827	 0 0 0.342414 0.433013 1 1 1.15759 0.433013
0.828	 0 0 0.342413 0.433013 1 1 1.15759 0.433013
0.829	 0 0 0.342411 0.433013 1 1 1.15759 0.433013
0.83	 0 0 0.34241 0.433013 1 1 1.15759 0.433013
0.831	 0 0 0.342409 0.433013 1 1 1.15759 0.433013
0.832	 0 0 0.342408 0.433013 1 1 1.15759 0.433013
0.833	 0 0 0.342407 0.433013 1 1 1.15759 0.433013
0.834	 0 0 0.342406 0.433013 1 1 1.15759 0.433013
0.835	 0 0 0.342405 0.433013 1 1 1.1576 0.433013
0.836	 0 0 0.342404 0.433013 1 1 1.1576 0.433013
0.837	 0 0 0.342403 0.433013 1 1 1.1576 0.433013
0.838	 0 0 0.342402 0.433013 1 1 1.1576 0.433013
0.839	 0 0 0.342401 0.433013 1 1 1.1576 0.433013
0.84	 0 0 0.3424 0.433013 1 1 1.1576 0.433013
0.841	 0 0 0.342399 0.433013 1 1 1.1576 0.433013
0.842	 0 0 0.342398 0.433013 1 1 1.1576 0.433013
0.843	 0 0 0.342397 0.433013 1 1 1.1576 0.433013
0.844	 0 0 0.342395 0.433013 1 1 1.1576 0.433013
0.845	 0 0 0.342394 0.433013 1 1 1.15761 0.433013
0.846	 0 0 0.342393 0.433013 1 1 1.15761 0.433013
0.847	 0 0 0.342392 0.433013 1 1 1.15761 0.433013
0.848	 0 0 0.342391 0.433013 1 1 1.15761 0.433013
0.849	 0 0 0.34239 0.433013 1 1 1.15761 0.433013
0.85	 0 0 0.342389 0.433013 1 1 1.15761 0.433013
0.851	 0 0 0.342388 0.433013 1 1 1.15761 0.433013
0.852	 0 0 0.342387 0.433013 1 1 1.15761 0.433013
0.853	 0 0 0.342386 0.433013 1 1 1.15761 0.433013
0.854	 0 0 0.342385 0.433013 1 1 1.15761 0.433013
0.855	 0 0 0.342384 0.433013 1 1 1.15762 0.433013
0.856	 0 0 0.342383 0.433013 1 1 1.15762 0.433013
0.857	 0 0 0.342383 0.433013 1 1 1.15762 0.433013
0.858	 0 0 0.342382 0.433013 1 1 1.15762 0.433013
0.859	 0 0 0.342381 0.433013 1 1 1.15762 0.433013
0.86	 0 0 0.34238 0.433013 1 1 1.15762 0.433013
0.861	 0 0 0.342379 0.433013 1 1 1.15762 0.433013
0.862	 0 0 0.342378 0.433013 1 1 1.15762 0.433013
0.863	 0 0 0.342377 0.433013 1 1 1.15762 0.433013
0.864	 0 0 0.342376 0.433013 1 1 1.15762 0.433013
0.865	 0 0 0.342375 0.433013 1 1 1.15763 0.433013
0.866	 0 0 0.342374 0.433013 1 1 1.15763 0.433013
0.867	 0 0 0.342373 0.433013 1 1 1.15763 0.433013
0.868	 0 0 0.342372 0.433013 1 1 1.15763 0.433013
0.869	 0 0 0.342371 0.433013 1 1 1.15763 0.433013
0.87	 0 0 0.34237 0.433013 1 1 1.15763 0.433013
0.871	 0 0 0.342369 0.433013 1 1 1.15763 0.433013
0.872	 0 0 0.342369 0.433013 1 1 1.15763 0.433013
0.873	 0 0 0.342368 0.433013 1 1 1.15763 0.433013
0.874	 0 0 0.342367 0.433013 1 1 1.15763 0.433013
0.875	 0 0 0.342366 0.433013 1 1 1.15763 0.433013
0.876	 0 0 0.342365 0.433013 1 1 1.15764 0.433013
0.877	 0 0 0.342364 0.433013 1 1 1.15764 0.433013
0.878	 0 0 0.342363 0.433013 1 1 1.15764 0.433013
0.879	 0 0 0.342362 0.433013 1 1 1.15764 0.433013
0.88	 0 0 0.342361 0.433013 1 1 1.15764 0.433013
0.881	 0 0 0.342361 0.433013 1 1 1.15764 0.433013
0.882	 0 0 0.34236 0.433013 1 1 1.15764 0.433013
0.883	 0 0 0.342359 0.433013 1 1 1.15764 0.433013
0.884	 0 0 0.342358 0.433013 1 1 1.15764 0.433013
0.885	 0 0 0.342357 0.433013 1 1 1.15764 0.433013
0.886	 0 0 0.342356 0.433013 1 1 1.15764 0.433013
0.887	 0 0 0.342356 0.433013 1 1 1.15764 0.433013
0.888	 0 0 0.342355 0.433013 1 1 1.15765 0.433013
0.889	 0 0 0.342354 0.433013 1 1 1.15765 0.433013
0.89	 0 0 0.342353 0.433013 1 1 1.15765 0.433013
0.891	 0 0 0.342352 0.433013 1 1 1.15765 0.433013
0.892	 0 0 0.342351 0.433013 1 1 1.15765 0.433013
0.893	 0 0 0.342351 0.433013 1 1 1.15765 0.433013
0.894	 0 0 0.34235 0.433013 1 1 1.15765 0.433013
0.895	 0 0 0.342349 0.433013 1 1 1.15765 0.433013
0.896	 0 0 0.342348 0.433013 1 1 1.15765 0.433013
0.897	 0 0 0.342347 0.433013 1 1 1.15765 0.433013
0.898	 0 0 0.342347 0.433013 1 1 1.15765 0.433013
0.899	 0 0 0.342346 0.433013 1 1 1.15765 0.433013
0.9	 0 0 0.342345 0.433013 1 1 1.15766 0.433013
0.901	 0 0 0.342344 0.433013 1 1 1.15766 0.433013
0.902	 0 0 0.342343 0.433013 1 1 1.15766 0.433013
0.903	 0 0 0.342343 0.433013 1 1 1.15766 0.433013
0.904	 0 0 0.342342 0.433013 1 1 1.15766 0.433013
0.905	 0 0 0.342341 0.433013 1 1 1.15766 0.433013
0.906	 0 0 0.34234 0.433013 1 1 1.15766 0.433013
0.907	 0 0 0.34234 0.433013 1 1 1.15766 0.433013
0.908	 0 0 0.342339 0.433013 1 1 1.15766 0.433013
0.909	 0 0 0.342338 0.433013 1 1 1.15766 0.433013
0.91	 0 0 0.342337 0.433013 1 1 1.15766 0.433013
0.911	 0 0 0.342337 0.433013 1 1 1.15766 0.433013
0.912	 0 0 0.342336 0.433013 1 1 1.15766 0.433013
0.913	 0 0 0.342335 0.433013 1 1 1.15766 0.433013
0.914	 0 0 0.342334 0.433013 1 1 1.15767 0.433013
0.915	 0 0 0.342334 0.433013 1 1 1.15767 0.433013
0.916	 0 0 0.342333 0.433013 1 1 1.15767 0.433013
0.917	 0 0 0.342332 0.433013 1 1 1.15767 0.433013
0.918	 0 0 0.342331 0.433013 1 1 1.15767 0.433013
0.919	 0 0 0.342331 0.433013 1 1 1.15767 0.433013
0.92	 0 0 0.34233 0.433013 1 1 1.15767 0.433013
0.921	 0 0 0.342329 0.433013 1 1 1.15767 0.433013
0.922	 0 0 0.342329 0.433013 1 1 1.15767 0.433013
0.923	 0 0 0.342328 0.433013 1 1 1.15767 0.433013
0.924	 0 0 0.342327 0.433013 1 1 1.15767 0.433013
0.925	 0 0 0.342326 0.433013 1 1 1.15767 0.433013
0.926	 0 0 0.342326 0.433013 1 1 1.15767 0.433013
0.927	 0 0 0.342325 0.433013 1 1 1.15767 0.433013
0.928	 0 0 0.342324 0.433013 1 1 1.15768 0.433013
0.929	 0 0 0.342324 0.433013 1 1 1.15768 0.433013
0.93	 0 0 0.342323 0.433013 1 1 1.15768 0.433013
0.931	 0 0 0.342322 0.433013 1 1 1.15768 0.433013
0.932	 0 0 0.342322 0.433013 1 1 1.15768 0.433013
0.933	 0 0 0.342321 0.433013 1 1 1.15768 0.433013
0.934	 0 0 0.34232 0.433013 1 1 1.15768 0.433013
0.935	 0 0 0.34232 0.433013 1 1 1.15768 0.433013
0.936	 0 0 0.342319 0.433013 1 1 1.15768 0.433013
0.937	 0 0 0.342318 0.433013 1 1 1.15768 0.433013
0.938	 0 0 0.342318 0.433013 1 1 1.15768 0.433013
0.939	 0 0 0.342317 0.433013 1 1 1.15768 0.433013
0.94	 0 0 0.342316 0.433013 1 1 1.15768 0.433013
0.941	 0 0 0.342316 0.433013 1 1 1.15768 0.433013
0.942	 0 0 0.342315 0.433013 1 1 1.15768 0.433013
0.943	 0 0 0.342314 0.433013 1 1 1.15769 0.433013
0.944	 0 0 0.342314 0.433013 1 1 1.15769 0.433013
0.945	 0 0 0.342313 0.433013 1 1 1.15769 0.433013
0.946	 0 0 0.342313 0.433013 1 1 1.15769 0.433013
0.947	 0 0 0.342312 0.433013 1 1 1.15769 0.433013
0.948	 0 0 0.342311 0.433013 1 1 1.15769 0.433013
0.949	 0 0 0.342311 0.433013 1 1 1.15769 0.433013
0.95	 0 0 0.34231 0.433013 1 1 1.15769 0.433013
0.951	 0 0 0.342309 0.433013 1 1 1.15769 0.433013
0.952	 0 0 0.342309 0.433013 1 1 1.15769 0.433013
0.953	 0 0 0.342308 0.433013 1 1 1.15769 0.433013
0.954	 0 0 0.342308 0.433013 1 1 1.15769 0.433013
0.955	 0 0 0.342307 0.433013 1 1 1.15769 0.433013
0.956	 0 0 0.342306 0.433013 1 1 1.15769 0.433013
0.957	 0 0 0.342306 0.433013 1 1 1.15769 0.433013
0.958	 0 0 0.342305 0.433013 1 1 1.15769 0.433013
0.959	 0 0 0.342305 0.433013 1 1 1.1577 0.433013
0.96	 0 0 0.342304 0.433013 1 1 1.1577 0.433013
0.961	 0 0 0.342303 0.433013 1 1 1.1577 0.433013
0.962	 0 0 0.342303 0.433013 1 1 1.1577 0.433013
0.963	 0 0 0.342302 0.433013 1 1 1.1577 0.433013
0.964	 0 0 0.342302 0.433013 1 1 1.1577 0.433013
0.965	 0 0 0.342301 0.433013 1 1 1.1577 0.433013
0.966	 0 0 0.342301 0.433013 1 1 1.1577 0.433013
0.967	 0 0 0.3423 0.433013 1 1 1.1577 0.433013
0.968	 0 0 0.342299 0.433013 1 1 1.1577 0.433013
0.969	 0 0 0.342299 0.433013 1 1 1.1577 0.433013
0.97	 0 0 0.342298 0.433013 1 1 1.1577 0.433013
0.971	 0 0 0.342298 0.433013 1 1 1.1577 0.433013
0.972	 0 0 0.342297 0.433013 1 1 1.1577 0.433013
0.973	 0 0 0.342297 0.433013 1 1 1.1577 0.433013
0.974	 0 0 0.342296 0.433013 1 1 1.1577 0.433013
0.975	 0 0 0.342296 0.433013 1 1 1.1577 0.433013
0.976	 0 0 0.342295 0.433013 1 1 1.15771 0.433013
0.977	 0 0 0.342294 0.433013 1 1 1.15771 0.433013
0.978	 0 0 0.342294 0.433013 1 1 1.15771 0.433013
0.979	 0 0 0.342293 0.433013 1 1 1.15771 0.433013
0.98	 0 0 0.342293 0.433013 1 1 1.15771 0.433013
0.981	 0 0 0.342292 0.433013 1 1 1.15771 0.433013
0.982	 0 0 0.342292 0.433013 1 1 1.15771 0.433013
0.983	 0 0 0.342291 0.433013 1 1 1.15771 0.433013
0.984	 0 0 0.342291 0.433013 1 1 1.15771 0.433013
0.985	 0 0 0.34229 0.433013 1 1 1.15771 0.433013
0.986	 0 0 0.34229 0.433013 1 1 1.15771 0.433013
0.987	 0 0 0.342289 0.433013 1 1 1.15771 0.433013
0.988	 0 0 0.342289 0.433013 1 1 1.15771 0.433013
0.989	 0 0 0.342288 0.433013 1 1 1.15771 0.433013
0.99	 0 0 0.342288 0.433013 1 1 1.15771 0.433013
0.991	 0 0 0.342287 0.433013 1 1 1.15771 0.433013
0.992	 0 0 0.342287 0.433013 1 1 1.15771 0.433013
0.993	 0 0 0.342286 0.433013 1 1 1.15771 0.433013
0.994	 0 0 0.342286 0.433013 1 1 1.15771 0.433013
0.995	 0 0 0.342285 0.433013 1 1 1.15771 0.433013
0.996	 0 0 0.342285 0.433013 1 1 1.15772 0.433013
0.997	 0 0 0.342284 0.433013 1 1 1.15772 0.433013
0.998	 0 0 0.342284 0.433013 1 1 1.15772 0.433013
0.999	 0 0 0.342283 0.433013 1 1 1.15772 0.433013
1	 0 0 0.342283 0.433013 1 1 1.15772 0.433013
1.001	 0 0 0.342282 0.433013 1 1 1.15772 0.433013
1.002	 0 0 0.342282 0.433013 1 1 1.15772 0.433013
1.003	 0 0 0.342281 0.433013 1 1 1.15772 0.433013
1.004	 0 0 0.342281 0.433013 1 1 1.15772 0.433013
1.005	 0 0 0.34228 0.433013 1 1 1.15772 0.433013
1.006	 0 0 0.34228 0.433013 1 1 1.15772 0.433013
1.007	 0 0 0.342279 0.433013 1 1 1.15772 0.433013
1.008	 0 0 0.342279 0.433013 1 1 1.15772 0.433013
1.009	 0 0 0.342278 0.433013 1 1 1.15772 0.433013
1.01	 0 0 0.342278 0.433013 1 1 1.15772 0.433013
1.011	 0 0 0.342277 0.433013 1 1 1.15772 0.433013
1.012	 0 0 0.342277 0.433013 1 1 1.15772 0.433013
1.013	 0 0 0.342277 0.433013 1 1 1.15772 0.433013
1.014	 0 0 0.342276 0.433013 1 1 1.15772 0.433013
1.015	 0 0 0.342276 0.433013 1 1 1.15772 0.433013
1.016	 0 0 0.342275 0.433013 1 1 1.15772 0.433013
1.017	 0 0 0.342275 0.433013 1 1 1.15773 0.433013
1.018	 0 0 0.342274 0.433013 1 1 1.15773 0.433013
1.019	 0 0 0.342274 0.433013 1 1 1.15773 0.433013
1.02	 0 0 0.342273 0.433013 1 1 1.15773 0.433013
1.021	 0 0 0.342273 0.433013 1 1 1.15773 0.433013
1.022	 0 0 0.342272 0.433013 1 1 1.15773 0.433013
1.023	 0 0 0.342272 0.433013 1 1 1.15773 0.433013
1.024	 0 0 0.342272 0.433013 1 1 1.15773 0.433013
1.025	 0 0 0.342271 0.433013 1 1 1.15773 0.433013
1.026	 0 0 0.342271 0.433013 1 1 1.15773 0.433013
1.027	 0 0 0.34227 0.433013 1 1 1.15773 0.433013
1.028	 0 0 0.34227 0.433013 1 1 1.15773 0.433013
1.029	 0 0 0.342269 0.433013 1 1 1.15773 0.433013
1.03	 0 0 0.342269 0.433013 1 1 1.15773 0.433013
1.031	 0 0 0.342269 0.433013 1 1 1.15773 0.433013
1.032	 0 0 0.342268 0.433013 1 1 1.15773 0.433013
1.033	 0 0 0.342268 0.433013 1 1 1.15773 0.433013
1.034	 0 0 0.342267 0.433013 1 1 1.15773 0.433013
1.035	 0 0 0.342267 0.433013 1 1 1.15773 0.433013
1.036	 0 0 0.342267 0.433013 1 1 1.15773 0.433013
1.037	 0 0 0.342266 0.433013 1 1 1.15773 0.433013
1.038	 0 0 0.342266 0.433013 1 1 1.15773 0.433013
1.039	 0 0 0.342265 0.433013 1 1 1.15773 0.433013
1.04	 0 0 0.342265 0.433013 1 1 1.15774 0.433013
1.041	 0 0 0.342265 0.433013 1 1 1.15774 0.433013
1.042	 0 0 0.342264 0.433013 1 1 1.15774 0.433013
1.043	 0 0 0.342264 0.433013 1 1 1.15774 0.433013
1.044	 0 0 0.342263 0.433013 1 1 1.15774 0.433013
1.045	 0 0 0.342263 0.433013 1 1 1.15774 0.433013
1.046	 0 0 0.342263 0.433013 1 1 1.15774 0.433013
1.047	 0 0 0.342262 0.433013 1 1 1.15774 0.433013
1.048	 0 0 0.342262 0.433013 1 1 1.15774 0.433013
1.049	 0 0 0.342261 0.433013 1 1 1.15774 0.433013
1.05	 0 0 0.342261 0.433013 1 1 1.15774 0.433013
1.051	 0 0 0.342261 0.433013 1 1 1.15774 0.433013
1.052	 0 0 0.34226 0.433013 1 1 1.15774 0.433013
1.053	 0 0 0.34226 0.433013 1 1 1.15774 0.433013
1.054	 0 0 0.34226 0.433013 1 1 1.15774 0.433013
1.055	 0 0 0.342259 0.433013 1 1 1.15774 0.433013
1.056	 0 0 0.342259 0.433013 1 1 1.15774 0.433013
1.057	 0 0 0.342258 0.433013 1 1 1.15774 0.433013
1.058	 0 0 0.342258 0.433013 1 1 1.15774 0.433013
1.059	 0 0 0.342258 0.433013 1 1 1.15774 0.433013
1.06	 0 0 0.342257 0.433013 1 1 1.15774 0.433013
1.061	 0 0 0.342257 0.433013 1 1 1.15774 0.433013
1.062	 0 0 0.342257 0.433013 1 1 1.15774 0.433013
1.063	 0 0 0.342256 0.433013 1 1 1.15774 0.433013
1.064	 0 0 0.342256 0.433013 1 1 1.15774 0.433013
1.065	 0 0 0.342256 0.433013 1 1 1.15774 0.433013
1.066	 0 0 0.342255 0.433013 1 1 1.15774 0.433013
1.067	 0 0 0.342255 0.433013 1 1 1.15775 0.433013
1.068	 0 0 0.342254 0.433013 1 1 1.15775 0.433013
1.069	 0 0 0.342254 0.433013 1 1 1.15775 0.433013
1.07	 0 0 0.342254 0.433013 1 1 1.15775 0.433013
1.071	 0 0 0.342253 0.433013 1 1 1.15775 0.433013
1.072	 0 0 0.342253 0.433013 1 1 1.15775 0.433013
1.073	 0 0 0.342253 0.433013 1 1 1.15775 0.433013
1.074	 0 0 0.342252 0.433013 1 1 1.15775 0.433013
1.075	 0 0 0.342252 0.433013 1 1 1.15775 0.433013
1.076	 0 0 0.342252 0.433013 1 1 1.15775 0.433013
1.077	 0 0 0.342251 0.433013 1 1 1.15775 0.433013
1.078	 0 0 0.342251 0.433013 1 1 1.15775 0.433013
1.079	 0 0 0.342251 0.433013 1 1 1.15775 0.433013
1.08	 0 0 0.34225 0.433013 1 1 1.15775 0.433013
1.081	 0 0 0.34225 0.433013 1 1 1.15775 0.433013
1.082	 0 0 0.34225 0.433013 1 1 1.15775 0.433013
1.083	 0 0 0.342249 0.433013 1 1 1.15775 0.433013
1.084	 0 0 0.342249 0.433013 1 1 1.15775 0.433013
1.085	 0 0 0.342249 0.433013 1 1 1.15775 0.433013
1.086	 0 0 0.342248 0.433013 1 1 1.15775 0.433013
1.087	 0 0 0.342248 0.433013 1 1 1.15775 0.433013
1.088	 0 0 0.342248 0.433013 1 1 1.15775 0.433013
1.089	 0 0 0.342248 0.433013 1 1 1.15775 0.433013
1.09	 0 0 0.342247 0.433013 1 1 1.15775 0.433013
1.091	 0 0 0.342247 0.433013 1 1 1.15775 0.433013
1.092	 0 0 0.342247 0.433013 1 1 1.15775 0.433013
1.093	 0 0 0.342246 0.433013 1 1 1.15775 0.433013
1.094	 0 0 0.342246 0.433013 1 1 1.15775 0.433013
1.095	 0 0 0.342246 0.433013 1 1 1.15775 0.433013
1.096	 0 0 0.342245 0.433013 1 1 1.15775 0.433013
1.097	 0 0 0.342245 0.433013 1 1 1.15775 0.433013
1.098	 0 0 0.342245 0.433013 1 1 1.15776 0.433013
1.099	 0 0 0.342244 0.433013 1 1 1.15776 0.433013
1.1	 0 0 0.342244 0.433013 1 1 1.15776 0.433013
1.101	 0 0 0.342244 0.433013 1 1 1.15776 0.433013
1.102	 0 0 0.342244 0.433013 1 1 1.15776 0.433013
1.103	 0 0 0.342243 0.433013 1 1 1.15776 0.433013
1.104	 0 0 0.342243 0.433013 1 1 1.15776 0.433013
1.105	 0 0 0.342243 0.433013 1 1 1.15776 0.433013
1.106	 0 0 0.342242 0.433013 1 1 1.15776 0.433013
1.107	 0 0 0.342242 0.433013 1 1 1.15776 0.433013
1.108	 0 0 0.342242 0.433013 1 1 1.15776 0.433013
1.109	 0 0 0.342241 0.433013 1 1 1.15776 0.433013
1.11	 0 0 0.342241 0.433013 1 1 1.15776 0.433013
1.111	 0 0 0.342241 0.433013 1 1 1.15776 0.433013
1.112	 0 0 0.342241 0.433013 1 1 1.15776 0.433013
1.113	 0 0 0.34224 0.433013 1 1 1.15776 0.433013
1.114	 0 0 0.34224 0.433013 1 1 1.15776 0.433013
1.115	 0 0 0.34224 0.433013 1 1 1.15776 0.433013
1.116	 0 0 0.34224 0.433013 1 1 1.15776 0.433013
1.117	 0 0 0.342239 0.433013 1 1 1.15776 0.433013
1.118	 0 0 0.342239 0.433013 1 1 1.15776 0.433013
1.119	 0 0 0.342239 0.433013 1 1 1.15776 0.433013
1.12	 0 0 0.342238 0.433013 1 1 1.15776 0.433013
1.121	 0 0 0.342238 0.433013 1 1 1.15776 0.433013
1.122	 0 0 0.342238 0.433013 1 1 1.15776 0.433013
1.123	 0 0 0.342238 0.433013 1 1 1.15776 0.433013
1.124	 0 0 0.342237 0.433013 1 1 1.15776 0.433013
1.125	 0 0 0.342237 0.433013 1 1 1.15776 0.433013
1.126	 0 0 0.342237 0.433013 1 1 1.15776 0.433013
1.127	 0 0 0.342237 0.433013 1 1 1.15776 0.433013
1.128	 0 0 0.342236 0.433013 1 1 1.15776 0.433013
1.129	 0 0 0.342236 0.433013 1 1 1.15776 0.433013
1.13	 0 0 0.342236 0.433013 1 1 1.15776 0.433013
1.131	 0 0 0.342236 0.433013 1 1 1.15776 0.433013
1.132	 0 0 0.342235 0.433013 1 1 1.15776 0.433013
1.133	 0 0 0.342235 0.433013 1 1 1.15777 0.433013
1.134	 0 0 0.342235 0.433013 1 1 1.15777 0.433013
1.135	 0 0 0.342234 0.433013 1 1 1.15777 0.433013
1.136	 0 0 0.342234 0.433013 1 1 1.15777 0.433013
1.137	 0 0 0.342234 0.433013 1 1 1.15777 0.433013
1.138	 0 0 0.342234 0.433013 1 1 1.15777 0.433013
1.139	 0 0 0.342233 0.433013 1 1 1.15777 0.433013
1.14	 0 0 0.342233 0.433013 1 1 1.15777 0.433013
1.141	 0 0 0.342233 0.433013 1 1 1.15777 0.433013
1.142	 0 0 0.342233 0.433013 1 1 1.15777 0.433013
1.143	 0 0 0.342233 0.433013 1 1 1.15777 0.433013
1.144	 0 0 0.342232 0.433013 1 1 1.15777 0.433013
1.145	 0 0 0.342232 0.433013 1 1 1.15777 0.433013
1.146	 0 0 0.342232 0.433013 1 1 1.15777 0.433013
1.147	 0 0 0.342232 0.433013 1 1 1.15777 0.433013
1.148	 0 0 0.342231 0.433013 1 1 1.15777 0.433013
1.149	 0 0 0.342231 0.433013 1 1 1.15777 0.433013
1.15	 0 0 0.342231 0.433013 1 1 1.15777 0.433013
1.151	 0 0 0.342231 0.433013 1 1 1.15777 0.433013
1.152	 0 0 0.34223 0.433013 1 1 1.15777 0.433013
1.153	 0 0 0.34223 0.433013 1 1 1.15777 0.433013
1.154	 0 0 0.34223 0.433013 1 1 1.15777 0.433013
1.155	 0 0 0.34223 0.433013 1 1 1.15777 0.433013
1.156	 0 0 0.342229 0.433013 1 1 1.15777 0.433013
1.157	 0 0 0.342229 0.433013 1 1 1.15777 0.433013
1.158	 0 0 0.342229 0.433013 1 1 1.15777 0.433013
1.159	 0 0 0.342229 0.433013 1 1 1.15777 0.433013
1.16	 0 0 0.342229 0.433013 1 1 1.15777 0.433013
1.161	 0 0 0.342228 0.433013 1 1 1.15777 0.433013
1.162	 0 0 0.342228 0.433013 1 1 1.15777 0.433013
1.163	 0 0 0.342228 0.433013 1 1 1.15777 0.433013
1.164	 0 0 0.342228 0.433013 1 1 1.15777 0.433013
1.165	 0 0 0.342227 0.433013 1 1 1.15777 0.433013
1.166	 0 0 0.342227 0.433013 1 1 1.15777 0.433013
1.167	 0 0 0.342227 0.433013 1 1 1.15777 0.433013
1.168	 0 0 0.342227 0.433013 1 1 1.15777 0.433013
1.169	 0 0 0.342227 0.433013 1 1 1.15777 0.433013
1.17	 0 0 0.342226 0.433013 1 1 1.15777 0.433013
1.171	 0 0 0.342226 0.433013 1 1 1.15777 0.433013
1.172	 0 0 0.342226 0.433013 1 1 1.15777 0.433013
1.173	 0 0 0.342226 0.433013 1 1 1.15777 0.433013
1.174	 0 0 0.342225 0.433013 1 1 1.15777 0.433013
1.175	 0 0 0.342225 0.433013 1 1 1.15777 0.433013
1.176	 0 0 0.342225 0.433013 1 1 1.15777 0.433013
1.177	 0 0 0.342225 0.433013 1 1 1.15778 0.433013
1.178	 0 0 0.342225 0.433013 1 1 1.15778 0.433013
1.179	 0 0 0.342224 0.433013 1 1 1.15778 0.433013
1.18	 0 0 0.342224 0.433013 1 1 1.15778 0.433013
1.181	 0 0 0.342224 0.433013 1 1 1.15778 0.433013
1.182	 0 0 0.342224 0.433013 1 1 1.15778 0.433013
1.183	 0 0 0.342224 0.433013 1 1 1.15778 0.433013
1.184	 0 0 0.342223 0.433013 1 1 1.15778 0.433013
1.185	 0 0 0.342223 0.433013 1 1 1.15778 0.433013
1.186	 0 0 0.342223 0.433013 1 1 1.15778 0.433013
1.187	 0 0 0.342223 0.433013 1 1 1.15778 0.433013
1.188	 0 0 0.342223 0.433013 1 1 1.15778 0.433013
1.189	 0 0 0.342222 0.433013 1 1 1.15778 0.433013
1.19	 0 0 0.342222 0.433013 1 1 1.15778 0.433013
1.191	 0 0 0.342222 0.433013 1 1 1.15778 0.433013
1.192	 0 0 0.342222 0.433013 1 1 1.15778 0.433013
1.193	 0 0 0.342222 0.433013 1 1 1.15778 0.433013
1.194	 0 0 0.342221 0.433013 1 1 1.15778 0.433013
1.195	 0 0 0.342221 0.433013 1 1 1.15778 0.433013
1.196	 0 0 0.342221 0.433013 1 1 1.15778 0.433013
1.197	 0 0 0.342221 0.433013 1 1 1.15778 0.433013
1.198	 0 0 0.342221 0.433013 1 1 1.15778 0.433013
1.199	 0 0 0.342221 0.433013 1 1 1.15778 0.433013
1.2	 0 0 0.34222 0.433013 1 1 1.15778 0.433013
1.201	 0 0 0.34222 0.433013 1 1 1.15778 0.433013
1.202	 0 0 0.34222 0.433013 1 1 1.15778 0.433013
1.203	 0 0 0.34222 0.433013 1 1 1.15778 0.433013
1.204	 0 0 0.34222 0.433013 1 1 1.15778 0.433013
1.205	 0 0 0.342219 0.433013 1 1 1.15778 0.433013
1.206	 0 0 0.342219 0.433013 1 1 1.15778 0.433013
1.207	 0 0 0.342219 0.433013 1 1 1.15778 0.433013
1.208	 0 0 0.342219 0.433013 1 1 1.15778 0.433013
1.209	 0 0 0.342219 0.433013 1 1 1.15778 0.433013
1.21	 0 0 0.342219 0.433013 1 1 1.15778 0.433013
1.211	 0 0 0.342218 0.433013 1 1 1.15778 0.433013
1.212	 0 0 0.342218 0.433013 1 1 1.15778 0.433013
1.213	 0 0 0.342218 0.433013 1 1 1.15778 0.433013
1.214	 0 0 0.342218 0.433013 1 1 1.15778 0.433013
1.215	 0 0 0.342218 0.433013 1 1 1.15778 0.433013
1.216	 0 0 0.342218 0.433013 1 1 1.15778 0.433013
1.217	 0 0 0.342217 0.433013 1 1 1.15778 0.433013
1.218	 0 0 0.342217 0.433013 1 1 1.15778 0.433013
1.219	 0 0 0.342217 0.433013 1 1 1.15778 0.433013
1.22	 0 0 0.342217 0.433013 1 1 1.15778 0.433013
1.221	 0 0 0.342217 0.433013 1 1 1.15778 0.433013
1.222	 0 0 0.342217 0.433013 1 1 1.15778 0.433013
1.223	 0 0 0.342216 0.433013 1 1 1.15778 0.433013
1.224	 0 0 0.342216 0.433013 1 1 1.15778 0.433013
1.225	 0 0 0.342216 0.433013 1 1 1.15778 0.433013
1.226	 0 0 0.342216 0.433013 1 1 1.15778 0.433013
1.227	 0 0 0.342216 0.433013 1 1 1.15778 0.433013
1.228	 0 0 0.342216 0.433013 1 1 1.15778 0.433013
1.229	 0 0 0.342215 0.433013 1 1 1.15778 0.433013
1.23	 0 0 0.342215 0.433013 1 1 1.15778 0.433013
1.231	 0 0 0.342215 0.433013 1 1 1.15778 0.433013
1.232	 0 0 0.342215 0.433013 1 1 1.15779 0.433013
1.233	 0 0 0.342215 0.433013 1 1 1.15779 0.433013
1.234	 0 0 0.342215 0.433013 1 1 1.15779 0.433013
1.235	 0 0 0.342214 0.433013 1 1 1.15779 0.433013
1.236	 0 0 0.342214 0.433013 1 1 1.15779 0.433013
1.237	 0 0 0.342214 0.433013 1 1 1.15779 0.433013
1.238	 0 0 0.342214 0.433013 1 1 1.15779 0.433013
1.239	 0 0 0.342214 0.433013 1 1 1.15779 0.433013
1.24	 0 0 0.342214 0.433013 1 1 1.15779 0.433013
1.241	 0 0 0.342213 0.433013 1 1 1.15779 0.433013
1.242	 0 0 0.342213 0.433013 1 1 1.15779 0.433013
1.243	 0 0 0.342213 0.433013 1 1 1.15779 0.433013
1.244	 0 0 0.342213 0.433013 1 1 1.15779 0.433013
1.245	 0 0 0.342213 0.433013 1 1 1.15779 0.433013
1.246	 0 0 0.342213 0.433013 1 1 1.15779 0.433013
1.247	 0 0 0.342213 0.433013 1 1 1.15779 0.433013
1.248	 0 0 0.342212 0.433013 1 1 1.15779 0.433013
1.249	 0 0 0.342212 0.433013 1 1 1.15779 0.433013
1.25	 0 0 0.342212 0.433013 1 1 1.15779 0.433013
1.251	 0 0 0.342212 0.433013 1 1 1.15779 0.433013
1.252	 0 0 0.342212 0.433013 1 1 1.15779 0.433013
1.253	 0 0 0.342212 0.433013 1 1 1.15779 0.433013
1.254	 0 0 0.342212 0.433013 1 1 1.15779 0.433013
1.255	 0 0 0.342211 0.433013 1 1 1.15779 0.433013
1.256	 0 0 0.342211 0.433013 1 1 1.15779 0.433013
1.257	 0 0 0.342211 0.433013 1 1 1.15779 0.433013
1.258	 0 0 0.342211 0.433013 1 1 1.15779 0.433013
1.259	 0 0 0.342211 0.433013 1 1 1.15779 0.433013
1.26	 0 0 0.342211 0.433013 1 1 1.15779 0.433013
1.261	 0 0 0.342211 0.433013 1 1 1.15779 0.433013
1.262	 0 0 0.34221 0.433013 1 1 1.15779 0.433013
1.263	 0 0 0.34221 0.433013 1 1 1.15779 0.433013
1.264	 0 0 0.34221 0.433013 1 1 1.15779 0.433013
1.265	 0 0 0.34221 0.433013 1 1 1.15779 0.433013
1.266	 0 0 0.34221 0.433013 1 1 1.15779 0.433013
1.267	 0 0 0.34221 0.433013 1 1 1.15779 0.433013
1.268	 0 0 0.34221 0.433013 1 1 1.15779 0.433013
1.269	 0 0 0.34221 0.433013 1 1 1.15779 0.433013
1.27	 0 0 0.342209 0.433013 1 1 1.15779 0.433013
1.271	 0 0 0.342209 0.433013 1 1 1.15779 0.433013
1.272	 0 0 0.342209 0.433013 1 1 1.15779 0.433013
1.273	 0 0 0.342209 0.433013 1 1 1.15779 0.433013
1.274	 0 0 0.342209 0.433013 1 1 1.15779 0.433013
1.275	 0 0 0.342209 0.433013 1 1 1.15779 0.433013
1.276	 0 0 0.342209 0.433013 1 1 1.15779 0.433013
1.277	 0 0 0.342208 0.433013 1 1 1.15779 0.433013
1.278	 0 0 0.342208 0.433013 1 1 1.15779 0.433013
1.279	 0 0 0.342208 0.433013 1 1 1.15779 0.433013
1.28	 0 0 0.342208 0.433013 1 1 1.15779 0.433013
1.281	 0 0 0.342208 0.433013 1 1 1.15779 0.433013
1.282	 0 0 0.342208 0.433013 1 1 1.15779 0.433013
1.283	 0 0 0.342208 0.433013 1 1 1.15779 0.433013
1.284	 0 0 0.342208 0.433013 1 1 1.15779 0.433013
1.285	 0 0 0.342207 0.433013 1 1 1.15779 0.433013
1.286	 0 0 0.342207 0.433013 1 1 1.15779 0.433013
1.287	 0 0 0.342207 0.433013 1 1 1.15779 0.433013
1.288	 0 0 0.342207 0.433013 1 1 1.15779 0.433013
1.289	 0 0 0.342207 0.433013 1 1 1.15779 0.433013
1.29	 0 0 0.342207 0.433013 1 1 1.15779 0.433013
1.291	 0 0 0.342207 0.433013 1 1 1.15779 0.433013
1.292	 0 0 0.342207 0.433013 1 1 1.15779 0.433013
1.293	 0 0 0.342207 0.433013 1 1 1.15779 0.433013
1.294	 0 0 0.342206 0.433013 1 1 1.15779 0.433013
1.295	 0 0 0.342206 0.433013 1 1 1.15779 0.433013
1.296	 0 0 0.342206 0.433013 1 1 1.15779 0.433013
1.297	 0 0 0.342206 0.433013 1 1 1.15779 0.433013
1.298	 0 0 0.342206 0.433013 1 1 1.15779 0.433013
1.299	 0 0 0.342206 0.433013 1 1 1.15779 0.433013
1.3	 0 0 0.342206 0.433013 1 1 1.15779 0.433013
1.301	 0 0 0.342206 0.433013 1 1 1.15779 0.433013
1.302	 0 0 0.342205 0.433013 1 1 1.15779 0.433013
1.303	 0 0 0.342205 0.433013 1 1 1.15779 0.433013
1.304	 0 0 0.342205 0.433013 1 1 1.15779 0.433013
1.305	 0 0 0.342205 0.433013 1 1 1.15779 0.433013
1.306	 0 0 0.342205 0.433013 1 1 1.15779 0.433013
1.307	 0 0 0.342205 0.433013 1 1 1.1578 0.433013
1.308	 0 0 0.342205 0.433013 1 1 1.1578 0.433013
1.309	 0 0 0.342205 0.433013 1 1 1.1578 0.433013
1.31	 0 0 0.342205 0.433013 1 1 1.1578 0.433013
1.311	 0 0 0.342204 0.433013 1 1 1.1578 0.433013
1.312	 0 0 0.342204 0.433013 1 1 1.1578 0.433013
1.313	 0 0 0.342204 0.433013 1 1 1.1578 0.433013
1.314	 0 0 0.342204 0.433013 1 1 1.1578 0.433013
1.315	 0 0 0.342204 0.433013 1 1 1.1578 0.433013
1.316	 0 0 0.342204 0.433013 1 1 1.1578 0.433013
1.317	 0 0 0.342204 0.433013 1 1 1.1578 0.433013
1.318	 0 0 0.342204 0.433013 1 1 1.1578 0.433013
1.319	 0 0 0.342204 0.433013 1 1 1.1578 0.433013
1.32	 0 0 0.342204 0.433013 1 1 1.1578 0.433013
1.321	 0 0 0.342203 0.433013 1 1 1.1578 0.433013
1.322	 0 0 0.342203 0.433013 1 1 1.1578 0.433013
1.323	 0 0 0.342203 0.433013 1 1 1.1578 0.433013
1.324	 0 0 0.342203 0.433013 1 1 1.1578 0.433013
1.325	 0 0 0.342203 0.433013 1 1 1.1578 0.433013
1.326	 0 0 0.342203 0.433013 1 1 1.1578 0.433013
1.327	 0 0 0.342203 0.433013 1 1 1.1578 0.433013
1.328	 0 0 0.342203 0.433013 1 1 1.1578 0.433013
1.329	 0 0 0.342203 0.433013 1 1 1.1578 0.433013
1.33	 0 0 0.342203 0.433013 1 1 1.1578 0.433013
1.331	 0 0 0.342202 0.433013 1 1 1.1578 0.433013
1.332	 0 0 0.342202 0.433013 1 1 1.1578 0.433013
1.333	 0 0 0.342202 0.433013 1 1 1.1578 0.433013
1.334	 0 0 0.342202 0.433013 1 1 1.1578 0.433013
1.335	 0 0 0.342202 0.433013 1 1 1.1578 0.433013
1.336	 0 0 0.342202 0.433013 1 1 1.1578 0.433013
1.337	 0 0 0.342202 0.433013 1 1 1.1578 0.433013
1.338	 0 0 0.342202 0.433013 1 1 1.1578 0.433013
1.339	 0 0 0.342202 0.433013 1 1 1.1578 0.433013
1.34	 0 0 0.342202 0.433013 1 1 1.1578 0.433013
1.341	 0 0 0.342201 0.433013 1 1 1.1578 0.433013
1.342	 0 0 0.342201 0.433013 1 1 1.1578 0.433013
1.343	 0 0 0.342201 0.433013 1 1 1.1578 0.433013
1.344	 0 0 0.342201 0.433013 1 1 1.1578 0.433013
1.345	 0 0 0.342201 0.433013 1 1 1.1578 0.433013
1.346	 0 0 0.342201 0.433013 1 1 1.1578 0.433013
1.347	 0 0 0.342201 0.433013 1 1 1.1578 0.433013
1.348	 0 0 0.342201 0.433013 1 1 1.1578 0.433013
1.349	 0 0 0.342201 0.433013 1 1 1.1578 0.433013
1.35	 0 0 0.342201 0.433013 1 1 1.1578 0.433013
1.351	 0 0 0.342201 0.433013 1 1 1.1578 0.433013
1.352	 0 0 0.3422 0.433013 1 1 1.1578 0.433013
1.353	 0 0 0.3422 0.433013 1 1 1.1578 0.433013
1.354	 0 0 0.3422 0.433013 1 1 1.1578 0.433013
1.355	 0 0 0.3422 0.433013 1 1 1.1578 0.433013
1.356	 0 0 0.3422 0.433013 1 1 1.1578 0.433013
1.357	 0 0 0.3422 0.433013 1 1 1.1578 0.433013
1.358	 0 0 0.3422 0.433013 1 1 1.1578 0.433013
1.359	 0 0 0.3422 0.433013 1 1 1.1578 0.433013
1.36	 0 0 0.3422 0.433013 1 1 1.1578 0.433013
1.361	 0 0 0.3422 0.433013 1 1 1.1578 0.433013
1.362	 0 0 0.3422 0.433013 1 1 1.1578 0.433013
1.363	 0 0 0.342199 0.433013 1 1 1.1578 0.433013
1.364	 0 0 0.342199 0.433013 1 1 1.1578 0.433013
1.365	 0 0 0.342199 0.433013 1 1 1.1578 0.433013
1.366	 0 0 0.342199 0.433013 1 1 1.1578 0.433013
1.367	 0 0 0.342199 0.433013 1 1 1.1578 0.433013
1.368	 0 0 0.342199 0.433013 1 1 1.1578 0.433013
1.369	 0 0 0.342199 0.433013 1 1 1.1578 0.433013
1.37	 0 0 0.342199 0.433013 1 1 1.1578 0.433013
1.371	 0 0 0.342199 0.433013 1 1 1.1578 0.433013
1.372	 0 0 0.342199 0.433013 1 1 1.1578 0.433013
1.373	 0 0 0.342199 0.433013 1 1 1.1578 0.433013
1.374	 0 0 0.342199 0.433013 1 1 1.1578 0.433013
1.375	 0 0 0.342199 0.433013 1 1 1.1578 0.433013
1.376	 0 0 0.342198 0.433013 1 1 1.1578 0.433013
1.377	 0 0 0.342198 0.433013 1 1 1.1578 0.433013
1.378	 0 0 0.342198 0.433013 1 1 1.1578 0.433013
1.379	 0 0 0.342198 0.433013 1 1 1.1578 0.433013
1.38	 0 0 0.342198 0.433013 1 1 1.1578 0.433013
1.381	 0 0 0.342198 0.433013 1 1 1.1578 0.433013
1.382	 0 0 0.342198 0.433013 1 1 1.1578 0.433013
1.383	 0 0 0.342198 0.433013 1 1 1.1578 0.433013
1.384	 0 0 0.342198 0.433013 1 1 1.1578 0.433013
1.385	 0 0 0.342198 0.433013 1 1 1.1578 0.433013
1.386	 0 0 0.342198 0.433013 1 1 1.1578 0.433013
1.387	 0 0 0.342198 0.433013 1 1 1.1578 0.433013
1.388	 0 0 0.342198 0.433013 1 1 1.1578 0.433013
1.389	 0 0 0.342197 0.433013 1 1 1.1578 0.433013
1.39	 0 0 0.342197 0.433013 1 1 1.1578 0.433013
1.391	 0 0 0.342197 0.433013 1 1 1.1578 0.433013
1.392	 0 0 0.342197 0.433013 1 1 1.1578 0.433013
1.393	 0 0 0.342197 0.433013 1 1 1.1578 0.433013
1.394	 0 0 0.342197 0.433013 1 1 1.1578 0.433013
1.395	 0 0 0.342197 0.433013 1 1 1.1578 0.433013
1.396	 0 0 0.342197 0.433013 1 1 1.1578 0.433013
1.397	 0 0 0.342197 0.433013 1 1 1.1578 0.433013
1.398	 0 0 0.342197 0.433013 1 1 1.1578 0.433013
1.399	 0 0 0.342197 0.433013 1 1 1.1578 0.433013
1.4	 0 0 0.342197 0.433013 1 1 1.1578 0.433013
1.401	 0 0 0.342197 0.433013 1 1 1.1578 0.433013
1.402	 0 0 0.342196 0.433013 1 1 1.1578 0.433013
1.403	 0 0 0.342196 0.433013 1 1 1.1578 0.433013
1.404	 0 0 0.342196 0.433013 1 1 1.1578 0.433013
1.405	 0 0 0.342196 0.433013 1 1 1.1578 0.433013
1.406	 0 0 0.342196 0.433013 1 1 1.1578 0.433013
1.407	 0 0 0.342196 0.433013 1 1 1.1578 0.433013
1.408	 0 0 0.342196 0.433013 1 1 1.1578 0.433013
1.409	 0 0 0.342196 0.433013 1 1 1.1578 0.433013
1.41	 0 0 0.342196 0.433013 1 1 1.1578 0.433013
1.411	 0 0 0.342196 0.433013 1 1 1.1578 0.433013
1.412	 0 0 0.342196 0.433013 1 1 1.1578 0.433013
1.413	 0 0 0.342196 0.433013 1 1 1.1578 0.433013
1.414	 0 0 0.342196 0.433013 1 1 1.1578 0.433013
1.415	 0 0 0.342196 0.433013 1 1 1.1578 0.433013
1.416	 0 0 0.342196 0.433013 1 1 1.1578 0.433013
1.417	 0 0 0.342195 0.433013 1 1 1.1578 0.433013
1.418	 0 0 0.342195 0.433013 1 1 1.1578 0.433013
1.419	 0 0 0.342195 0.433013 1 1 1.1578 0.433013
1.42	 0 0 0.342195 0.433013 1 1 1.1578 0.433013
1.421	 0 0 0.342195 0.433013 1 1 1.1578 0.433013
1.422	 0 0 0.342195 0.433013 1 1 1.1578 0.433013
1.423	 0 0 0.342195 0.433013 1 1 1.1578 0.433013
1.424	 0 0 0.342195 0.433013 1 1 1.1578 0.433013
1.425	 0 0 0.342195 0.433013 1 1 1.15781 0.433013
1.426	 0 0 0.342195 0.433013 1 1 1.15781 0.433013
1.427	 0 0 0.342195 0.433013 1 1 1.15781 0.433013
1.428	 0 0 0.342195 0.433013 1 1 1.15781 0.433013
1.429	 0 0 0.342195 0.433013 1 1 1.15781 0.433013
1.43	 0 0 0.342195 0.433013 1 1 1.15781 0.433013
1.431	 0 0 0.342195 0.433013 1 1 1.15781 0.433013
1.432	 0 0 0.342195 0.433013 1 1 1.15781 0.433013
1.433	 0 0 0.342194 0.433013 1 1 1.15781 0.433013
1.434	 0 0 0.342194 0.433013 1 1 1.15781 0.433013
1.435	 0 0 0.342194 0.433013 1 1 1.15781 0.433013
1.436	 0 0 0.342194 0.433013 1 1 1.15781 0.433013
1.437	 0 0 0.342194 0.433013 1 1 1.15781 0.433013
1.438	 0 0 0.342194 0.433013 1 1 1.15781 0.433013
1.439	 0 0 0.342194 0.433013 1 1 1.15781 0.433013
1.44	 0 0 0.342194 0.433013 1 1 1.15781 0.433013
1.441	 0 0 0.342194 0.433013 1 1 1.15781 0.433013
1.442	 0 0 0.342194 0.433013 1 1 1.15781 0.433013
1.443	 0 0 0.342194 0.433013 1 1 1.15781 0.433013
1.444	 0 0 0.342194 0.433013 1 1 1.15781 0.433013
1.445	 0 0 0.342194 0.433013 1 1 1.15781 0.433013
1.446	 0 0 0.342194 0.433013 1 1 1.15781 0.433013
1.447	 0 0 0.342194 0.433013 1 1 1.15781 0.433013
1.448	 0 0 0.342194 0.433013 1 1 1.15781 0.433013
1.449	 0 0 0.342194 0.433013 1 1 1.15781 0.433013
1.45	 0 0 0.342193 0.433013 1 1 1.15781 0.433013
1.451	 0 0 0.342193 0.433013 1 1 1.15781 0.433013
1.452	 0 0 0.342193 0.433013 1 1 1.15781 0.433013
1.453	 0 0 0.342193 0.433013 1 1 1.15781 0.433013
1.454	 0 0 0.342193 0.433013 1 1 1.15781 0.433013
1.455	 0 0 0.342193 0.433013 1 1 1.15781 0.433013
1.456	 0 0 0.342193 0.433013 1 1 1.15781 0.433013
1.457	 0 0 0.342193 0.433013 1 1 1.15781 0.433013
1.458	 0 0 0.342193 0.433013 1 1 1.15781 0.433013
1.459	 0 0 0.342193 0.433013 1 1 1.15781 0.433013
1.46	 0 0 0.342193 0.433013 1 1 1.15781 0.433013
1.461	 0 0 0.342193 0.433013 1 1 1.15781 0.433013
1.462	 0 0 0.342193 0.433013 1 1 1.15781 0.433013
1.463	 0 0 0.342193 0.433013 1 1 1.15781 0.433013
1.464	 0 0 0.342193 0.433013 1 1 1.15781 0.433013
1.465	 0 0 0.342193 0.433013 1 1 1.15781 0.433013
1.466	 0 0 0.342193 0.433013 1 1 1.15781 0.433013
1.467	 0 0 0.342193 0.433013 1 1 1.15781 0.433013
1.468	 0 0 0.342193 0.433013 1 1 1.15781 0.433013
1.469	 0 0 0.342192 0.433013 1 1 1.15781 0.433013
1.47	 0 0 0.342192 0.433013 1 1 1.15781 0.433013
1.471	 0 0 0.342192 0.433013 1 1 1.15781 0.433013
1.472	 0 0 0.342192 0.433013 1 1 1.15781 0.433013
1.473	 0 0 0.342192 0.433013 1 1 1.15781 0.433013
1.474	 0 0 0.342192 0.433013 1 1 1.15781 0.433013
1.475	 0 0 0.342192 0.433013 1 1 1.15781 0.433013
1.476	 0 0 0.342192 0.433013 1 1 1.15781 0.433013
1.477	 0 0 0.342192 0.433013 1 1 1.15781 0.433013
1.478	 0 0 0.342192 0.433013 1 1 1.15781 0.433013
1.479	 0 0 0.342192 0.433013 1 1 1.15781 0.433013
1.48	 0 0 0.342192 0.433013 1 1 1.15781 0.433013
1.481	 0 0 0.342192 0.433013 1 1 1.15781 0.433013
1.482	 0 0 0.342192 0.433013 1 1 1.15781 0.433013
1.483	 0 0 0.342192 0.433013 1 1 1.15781 0.433013
1.484	 0 0 0.342192 0.433013 1 1 1.15781 0.433013
1.485	 0 0 0.342192 0.433013 1 1 1.15781 0.433013
1.486	 0 0 0.342192 0.433013 1 1 1.15781 0.433013
1.487	 0 0 0.342192 0.433013 1 1 1.15781 0.433013
1.488	 0 0 0.342192 0.433013 1 1 1.15781 0.433013
1.489	 0 0 0.342192 0.433013 1 1 1.15781 0.433013
1.49	 0 0 0.342191 0.433013 1 1 1.15781 0.433013
1.491	 0 0 0.342191 0.433013 1 1 1.15781 0.433013
1.492	 0 0 0.342191 0.433013 1 1 1.15781 0.433013
1.493	 0 0 0.342191 0.433013 1 1 1.15781 0.433013
1.494	 0 0 0.342191 0.433013 1 1 1.15781 0.433013
1.495	 0 0 0.342191 0.433013 1 1 1.15781 0.433013
1.496	 0 0 0.342191 0.433013 1 1 1.15781 0.433013
1.497	 0 0 0.342191 0.433013 1 1 1.15781 0.433013
1.498	 0 0 0.342191 0.433013 1 1 1.15781 0.433013
1.499	 0 0 0.342191 0.433013 1 1 1.15781 0.433013
1.5	 0 0 0.342191 0.433013 1 1 1.15781 0.433013
1.501	 0 0 0.342191 0.433013 1 1 1.15781 0.433013
1.502	 0 0 0.342191 0.433013 1 1 1.15781 0.433013
1.503	 0 0 0.342191 0.433013 1 1 1.15781 0.433013
1.504	 0 0 0.342191 0.433013 1 1 1.15781 0.433013
1.505	 0 0 0.342191 0.433013 1 1 1.15781 0.433013
1.506	 0 0 0.342191 0.433013 1 1 1.15781 0.433013
1.507	 0 0 0.342191 0.433013 1 1 1.15781 0.433013
1.508	 0 0 0.342191 0.433013 1 1 1.15781 0.433013
1.509	 0 0 0.342191 0.433013 1 1 1.15781 0.433013
1.51	 0 0 0.342191 0.433013 1 1 1.15781 0.433013
1.511	 0 0 0.342191 0.433013 1 1 1.15781 0.433013
1.512	 0 0 0.342191 0.433013 1 1 1.15781 0.433013
1.513	 0 0 0.34219 0.433013 1 1 1.15781 0.433013
1.514	 0 0 0.34219 0.433013 1 1 1.15781 0.433013
1.515	 0 0 0.34219 0.433013 1 1 1.15781 0.433013
1.516	 0 0 0.34219 0.433013 1 1 1.15781 0.433013
1.517	 0 0 0.34219 0.433013 1 1 1.15781 0.433013
1.518	 0 0 0.34219 0.433013 1 1 1.15781 0.433013
1.519	 0 0 0.34219 0.433013 1 1 1.15781 0.433013
1.52	 0 0 0.34219 0.433013 1 1 1.15781 0.433013
1.521	 0 0 0.34219 0.433013 1 1 1.15781 0.433013
1.522	 0 0 0.34219 0.433013 1 1 1.15781 0.433013
1.523	 0 0 0.34219 0.433013 1 1 1.15781 0.433013
1.524	 0 0 0.34219 0.433013 1 1 1.15781 0.433013
1.525	 0 0 0.34219 0.433013 1 1 1.15781 0.433013
1.526	 0 0 0.34219 0.433013 1 1 1.15781 0.433013
1.527	 0 0 0.34219 0.433013 1 1 1.15781 0.433013
1.528	 0 0 0.34219 0.433013 1 1 1.15781 0.433013
1.529	 0 0 0.34219 0.433013 1 1 1.15781 0.433013
1.53	 0 0 0.34219 0.433013 1 1 1.15781 0.433013
1.531	 0 0 0.34219 0.433013 1 1 1.15781 0.433013
1.532	 0 0 0.34219 0.433013 1 1 1.15781 0.433013
1.533	 0 0 0.34219 0.433013 1 1 1.15781 0.433013
1.534	 0 0 0.34219 0.433013 1 1 1.15781 0.433013
1.535	 0 0 0.34219 0.433013 1 1 1.15781 0.433013
1.536	 0 0 0.34219 0.433013 1 1 1.15781 0.433013
1.537	 0 0 0.34219 0.433013 1 1 1.15781 0.433013
1.538	 0 0 0.34219 0.433013 1 1 1.15781 0.433013
1.539	 0 0 0.342189 0.433013 1 1 1.15781 0.433013
1.54	 0 0 0.342189 0.433013 1 1 1.15781 0.433013
1.541	 0 0 0.342189 0.433013 1 1 1.15781 0.433013
1.542	 0 0 0.342189 0.433013 1 1 1.15781 0.433013
1.543	 0 0 0.342189 0.433013 1 1 1.15781 0.433013
1.544	 0 0 0.342189 0.433013 1 1 1.15781 0.433013
1.545	 0 0 0.342189 0.433013 1 1 1.15781 0.433013
1.546	 0 0 0.342189 0.433013 1 1 1.15781 0.433013
1.547	 0 0 0.342189 0.433013 1 1 1.15781 0.433013
1.548	 0 0 0.342189 0.433013 1 1 1.15781 0.433013
1.549	 0 0 0.342189 0.433013 1 1 1.15781 0.433013
1.55	 0 0 0.342189 0.433013 1 1 1.15781 0.433013
1.551	 0 0 0.342189 0.433013 1 1 1.15781 0.433013
1.552	 0 0 0.342189 0.433013 1 1 1.15781 0.433013
1.553	 0 0 0.342189 0.433013 1 1 1.15781 0.433013
1.554	 0 0 0.342189 0.433013 1 1 1.15781 0.433013
1.555	 0 0 0.342189 0.433013 1 1 1.15781 0.433013
1.556	 0 0 0.342189 0.433013 1 1 1.15781 0.433013
1.557	 0 0 0.342189 0.433013 1 1 1.15781 0.433013
1.558	 0 0 0.342189 0.433013 1 1 1.15781 0.433013
1.559	 0 0 0.342189 0.433013 1 1 1.15781 0.433013
1.56	 0 0 0.342189 0.433013 1 1 1.15781 0.433013
1.561	 0 0 0.342189 0.433013 1 1 1.15781 0.433013
1.562	 0 0 0.342189 0.433013 1 1 1.15781 0.433013
1.563	 0 0 0.342189 0.433013 1 1 1.15781 0.433013
1.564	 0 0 0.342189 0.433013 1 1 1.15781 0.433013
1.565	 0 0 0.342189 0.433013 1 1 1.15781 0.433013
1.566	 0 0 0.342189 0.433013 1 1 1.15781 0.433013
1.567	 0 0 0.342189 0.433013 1 1 1.15781 0.433013
1.568	 0 0 0.342189 0.433013 1 1 1.15781 0.433013
1.569	 0 0 0.342188 0.433013 1 1 1.15781 0.433013
1.57	 0 0 0.342188 0.433013 1 1 1.15781 0.433013
1.571	 0 0 0.342188 0.433013 1 1 1.15781 0.433013
1.572	 0 0 0.342188 0.433013 1 1 1.15781 0.433013
1.573	 0 0 0.342188 0.433013 1 1 1.15781 0.433013
1.574	 0 0 0.342188 0.433013 1 1 1.15781 0.433013
1.575	 0 0 0.342188 0.433013 1 1 1.15781 0.433013
1.576	 0 0 0.342188 0.433013 1 1 1.15781 0.433013
1.577	 0 0 0.342188 0.433013 1 1 1.15781 0.433013
1.578	 0 0 0.342188 0.433013 1 1 1.15781 0.433013
1.579	 0 0 0.342188 0.433013 1 1 1.15781 0.433013
1.58	 0 0 0.342188 0.433013 1 1 1.15781 0.433013
1.581	 0 0 0.342188 0.433013 1 1 1.15781 0.433013
1.582	 0 0 0.342188 0.433013 1 1 1.15781 0.433013
1.583	 0 0 0.342188 0.433013 1 1 1.15781 0.433013
1.584	 0 0 0.342188 0.433013 1 1 1.15781 0.433013
1.585	 0 0 0.342188 0.433013 1 1 1.15781 0.433013
1.586	 0 0 0.342188 0.433013 1 1 1.15781 0.433013
1.587	 0 0 0.342188 0.433013 1 1 1.15781 0.433013
1.588	 0 0 0.342188 0.433013 1 1 1.15781 0.433013
1.589	 0 0 0.342188 0.433013 1 1 1.15781 0.433013
1.59	 0 0 0.342188 0.433013 1 1 1.15781 0.433013
1.591	 0 0 0.342188 0.433013 1 1 1.15781 0.433013
1.592	 0 0 0.342188 0.433013 1 1 1.15781 0.433013
1.593	 0 0 0.342188 0.433013 1 1 1.15781 0.433013
1.594	 0 0 0.342188 0.433013 1 1 1.15781 0.433013
1.595	 0 0 0.342188 0.433013 1 1 1.15781 0.433013
1.596	 0 0 0.342188 0.433013 1 1 1.15781 0.433013
1.597	 0 0 0.342188 0.433013 1 1 1.15781 0.433013
1.598	 0 0 0.342188 0.433013 1 1 1.15781 0.433013
1.599	 0 0 0.342188 0.433013 1 1 1.15781 0.433013
1.6	 0 0 0.342188 0.433013 1 1 1.15781 0.433013
1.601	 0 0 0.342188 0.433013 1 1 1.15781 0.433013
1.602	 0 0 0.342188 0.433013 1 1 1.15781 0.433013
1.603	 0 0 0.342188 0.433013 1 1 1.15781 0.433013
1.604	 0 0 0.342187 0.433013 1 1 1.15781 0.433013
1.605	 0 0 0.342187 0.433013 1 1 1.15781 0.433013
1.606	 0 0 0.342187 0.433013 1 1 1.15781 0.433013
1.607	 0 0 0.342187 0.433013 1 1 1.15781 0.433013
1.608	 0 0 0.342187 0.433013 1 1 1.15781 0.433013
1.609	 0 0 0.342187 0.433013 1 1 1.15781 0.433013
1.61	 0 0 0.342187 0.433013 1 1 1.15781 0.433013
1.611	 0 0 0.342187 0.433013 1 1 1.15781 0.433013
1.612	 0 0 0.342187 0.433013 1 1 1.15781 0.433013
1.613	 0 0 0.342187 0.433013 1 1 1.15781 0.433013
1.614	 0 0 0.342187 0.433013 1 1 1.15781 0.433013
1.615	 0 0 0.342187 0.433013 1 1 1.15781 0.433013
1.616	 0 0 0.342187 0.433013 1 1 1.15781 0.433013
1.617	 0 0 0.342187 0.433013 1 1 1.15781 0.433013
1.618	 0 0 0.342187 0.433013 1 1 1.15781 0.433013
1.619	 0 0 0.342187 0.433013 1 1 1.15781 0.433013
1.62	 0 0 0.342187 0.433013 1 1 1.15781 0.433013
1.621	 0 0 0.342187 0.433013 1 1 1.15781 0.433013
1.622	 0 0 0.342187 0.433013 1 1 1.15781 0.433013
1.623	 0 0 0.342187 0.433013 1 1 1.15781 0.433013
1.624	 0 0 0.342187 0.433013 1 1 1.15781 0.433013
1.625	 0 0 0.342187 0.433013 1 1 1.15781 0.433013
1.626	 0 0 0.342187 0.433013 1 1 1.15781 0.433013
1.627	 0 0 0.342187 0.433013 1 1 1.15781 0.433013
1.628	 0 0 0.342187 0.433013 1 1 1.15781 0.433013
1.629	 0 0 0.342187 0.433013 1 1 1.15781 0.433013
1.63	 0 0 0.342187 0.433013 1 1 1.15781 0.433013
1.631	 0 0 0.342187 0.433013 1 1 1.15781 0.433013
1.632	 0 0 0.342187 0.433013 1 1 1.15781 0.433013
1.633	 0 0 0.342187 0.433013 1 1 1.15781 0.433013
1.634	 0 0 0.342187 0.433013 1 1 1.15781 0.433013
1.635	 0 0 0.342187 0.433013 1 1 1.15781 0.433013
1.636	 0 0 0.342187 0.433013 1 1 1.15781 0.433013
1.637	 0 0 0.342187 0.433013 1 1 1.15781 0.433013
1.638	 0 0 0.342187 0.433013 1 1 1.15781 0.433013
1.639	 0 0 0.342187 0.433013 1 1 1.15781 0.433013
1.64	 0 0 0.342187 0.433013 1 1 1.15781 0.433013
1.641	 0 0 0.342187 0.433013 1 1 1.15781 0.433013
1.642	 0 0 0.342187 0.433013 1 1 1.15781 0.433013
1.643	 0 0 0.342187 0.433013 1 1 1.15781 0.433013
1.644	 0 0 0.342187 0.433013 1 1 1.15781 0.433013
1.645	 0 0 0.342186 0.433013 1 1 1.15781 0.433013
1.646	 0 0 0.342186 0.433013 1 1 1.15781 0.433013
1.647	 0 0 0.342186 0.433013 1 1 1.15781 0.433013
1.648	 0 0 0.342186 0.433013 1 1 1.15781 0.433013
1.649	 0 0 0.342186 0.433013 1 1 1.15781 0.433013
1.65	 0 0 0.342186 0.433013 1 1 1.15781 0.433013
1.651	 0 0 0.342186 0.433013 1 1 1.15781 0.433013
1.652	 0 0 0.342186 0.433013 1 1 1.15781 0.433013
1.653	 0 0 0.342186 0.433013 1 1 1.15781 0.433013
1.654	 0 0 0.342186 0.433013 1 1 1.15781 0.433013
1.655	 0 0 0.342186 0.433013 1 1 1.15781 0.433013
1.656	 0 0 0.342186 0.433013 1 1 1.15781 0.433013
1.657	 0 0 0.342186 0.433013 1 1 1.15781 0.433013
1.658	 0 0 0.342186 0.433013 1 1 1.15781 0.433013
1.659	 0 0 0.342186 0.433013 1 1 1.15781 0.433013
1.66	 0 0 0.342186 0.433013 1 1 1.15781 0.433013
1.661	 0 0 0.342186 0.433013 1 1 1.15781 0.433013
1.662	 0 0 0.342186 0.433013 1 1 1.15781 0.433013
1.663	 0 0 0.342186 0.433013 1 1 1.15781 0.433013
1.664	 0 0 0.342186 0.433013 1 1 1.15781 0.433013
1.665	 0 0 0.342186 0.433013 1 1 1.15781 0.433013
1.666	 0 0 0.342186 0.433013 1 1 1.15781 0.433013
1.667	 0 0 0.342186 0.433013 1 1 1.15781 0.433013
1.668	 0 0 0.342186 0.433013 1 1 1.15781 0.433013
1.669	 0 0 0.342186 0.433013 1 1 1.15781 0.433013
1.67	 0 0 0.342186 0.433013 1 1 1.15781 0.433013
1.671	 0 0 0.342186 0.433013 1 1 1.15781 0.433013
1.672	 0 0 0.342186 0.433013 1 1 1.15781 0.433013
1.673	 0 0 0.342186 0.433013 1 1 1.15781 0.433013
1.674	 0 0 0.342186 0.433013 1 1 1.15781 0.433013
1.675	 0 0 0.342186 0.433013 1 1 1.15781 0.433013
1.676	 0 0 0.342186 0.433013 1 1 1.15781 0.433013
1.677	 0 0 0.342186 0.433013 1 1 1.15781 0.433013
1.678	 0 0 0.342186 0.433013 1 1 1.15781 0.433013
1.679	 0 0 0.342186 0.433013 1 1 1.15781 0.433013
1.68	 0 0 0.342186 0.433013 1 1 1.15781 0.433013
1.681	 0 0 0.342186 0.433013 1 1 1.15781 0.433013
1.682	 0 0 0.342186 0.433013 1 1 1.15781 0.433013
1.683	 0 0 0.342186 0.433013 1 1 1.15781 0.433013
1.684	 0 0 0.342186 0.433013 1 1 1.15781 0.433013
1.685	 0 0 0.342186 0.433013 1 1 1.15781 0.433013
1.686	 0 0 0.342186 0.433013 1 1 1.15781 0.433013
1.687	 0 0 0.342186 0.433013 1 1 1.15781 0.433013
1.688	 0 0 0.342186 0.433013 1 1 1.15781 0.433013
1.689	 0 0 0.342186 0.433013 1 1 1.15781 0.433013
1.69	 0 0 0.342186 0.433013 1 1 1.15781 0.433013
1.691	 0 0 0.342186 0.433013 1 1 1.15781 0.433013
1.692	 0 0 0.342186 0.433013 1 1 1.15781 0.433013
1.693	 0 0 0.342186 0.433013 1 1 1.15781 0.433013
1.694	 0 0 0.342186 0.433013 1 1 1.15781 0.433013
1.695	 0 0 0.342186 0.433013 1 1 1.15781 0.433013
1.696	 0 0 0.342186 0.433013 1 1 1.15781 0.433013
1.697	 0 0 0.342185 0.433013 1 1 1.15781 0.433013
1.698	 0 0 0.342185 0.433013 1 1 1.15781 0.433013
1.699	 0 0 0.342185 0.433013 1 1 1.15781 0.433013
1.7	 0 0 0.342185 0.433013 1 1 1.15781 0.433013
1.701	 0 0 0.342185 0.433013 1 1 1.15781 0.433013
1.702	 0 0 0.342185 0.433013 1 1 1.15781 0.433013
1.703	 0 0 0.342185 0.433013 1 1 1.15781 0.433013
1.704	 0 0 0.342185 0.433013 1 1 1.15781 0.433013
1.705	 0 0 0.342185 0.433013 1 1 1.15781 0.433013
1.706	 0 0 0.342185 0.433013 1 1 1.15781 0.433013
1.707	 0 0 0.342185 0.433013 1 1 1.15781 0.433013
1.708	 0 0 0.342185 0.433013 1 1 1.15781 0.433013
1.709	 0 0 0.342185 0.433013 1 1 1.15781 0.433013
1.71	 0 0 0.342185 0.433013 1 1 1.15781 0.433013
1.711	 0 0 0.342185 0.433013 1 1 1.15781 0.433013
1.712	 0 0 0.342185 0.433013 1 1 1.15781 0.433013
1.713	 0 0 0.342185 0.433013 1 1 1.15781 0.433013
1.714	 0 0 0.342185 0.433013 1 1 1.15781 0.433013
1.715	 0 0 0.342185 0.433013 1 1 1.15781 0.433013
1.716	 0 0 0.342185 0.433013 1 1 1.15781 0.433013
1.717	 0 0 0.342185 0.433013 1 1 1.15781 0.433013
1.718	 0 0 0.342185 0.433013 1 1 1.15781 0.433013
1.719	 0 0 0.342185 0.433013 1 1 1.15781 0.433013
1.72	 0 0 0.342185 0.433013 1 1 1.15781 0.433013
1.721	 0 0 0.342185 0.433013 1 1 1.15781 0.433013
1.722	 0 0 0.342185 0.433013 1 1 1.15781 0.433013
1.723	 0 0 0.342185 0.433013 1 1 1.15781 0.433013
1.724	 0 0 0.342185 0.433013 1 1 1.15781 0.433013
1.725	 0 0 0.342185 0.433013 1 1 1.15781 0.433013
1.726	 0 0 0.342185 0.433013 1 1 1.15781 0.433013
1.727	 0 0 0.342185 0.433013 1 1 1.15781 0.433013
1.728	 0 0 0.342185 0.433013 1 1 1.15781 0.433013
1.729	 0 0 0.342185 0.433013 1 1 1.15782 0.433013
1.73	 0 0 0.342185 0.433013 1 1 1.15782 0.433013
1.731	 0 0 0.342185 0.433013 1 1 1.15782 0.433013
1.732	 0 0 0.342185 0.433013 1 1 1.15782 0.433013
1.733	 0 0 0.342185 0.433013 1 1 1.15782 0.433013
1.734	 0 0 0.342185 0.433013 1 1 1.15782 0.433013
1.735	 0 0 0.342185 0.433013 1 1 1.15782 0.433013
1.736	 0 0 0.342185 0.433013 1 1 1.15782 0.433013
1.737	 0 0 0.342185 0.433013 1 1 1.15782 0.433013
1.738	 0 0 0.342185 0.433013 1 1 1.15782 0.433013
1.739	 0 0 0.342185 0.433013 1 1 1.15782 0.433013
1.74	 0 0 0.342185 0.433013 1 1 1.15782 0.433013
1.741	 0 0 0.342185 0.433013 1 1 1.15782 0.433013
1.742	 0 0 0.342185 0.433013 1 1 1.15782 0.433013
1.743	 0 0 0.342185 0.433013 1 1 1.15782 0.433013
1.744	 0 0 0.342185 0.433013 1 1 1.15782 0.433013
1.745	 0 0 0.342185 0.433013 1 1 1.15782 0.433013
1.746	 0 0 0.342185 0.433013 1 1 1.15782 0.433013
1.747	 0 0 0.342185 0.433013 1 1 1.15782 0.433013
1.748	 0 0 0.342185 0.433013 1 1 1.15782 0.433013
1.749	 0 0 0.342185 0.433013 1 1 1.15782 0.433013
1.75	 0 0 0.342185 0.433013 1 1 1.15782 0.433013
1.751	 0 0 0.342185 0.433013 1 1 1.15782 0.433013
1.752	 0 0 0.342185 0.433013 1 1 1.15782 0.433013
1.753	 0 0 0.342185 0.433013 1 1 1.15782 0.433013
1.754	 0 0 0.342185 0.433013 1 1 1.15782 0.433013
1.755	 0 0 0.342185 0.433013 1 1 1.15782 0.433013
1.756	 0 0 0.342185 0.433013 1 1 1.15782 0.433013
1.757	 0 0 0.342185 0.433013 1 1 1.15782 0.433013
1.758	 0 0 0.342185 0.433013 1 1 1.15782 0.433013
1.759	 0 0 0.342185 0.433013 1 1 1.15782 0.433013
1.76	 0 0 0.342185 0.433013 1 1 1.15782 0.433013
1.761	 0 0 0.342185 0.433013 1 1 1.15782 0.433013
1.762	 0 0 0.342185 0.433013 1 1 1.15782 0.433013
1.763	 0 0 0.342185 0.433013 1 1 1.15782 0.433013
1.764	 0 0 0.342185 0.433013 1 1 1.15782 0.433013
1.765	 0 0 0.342185 0.433013 1 1 1.15782 0.433013
1.766	 0 0 0.342185 0.433013 1 1 1.15782 0.433013
1.767	 0 0 0.342184 0.433013 1 1 1.15782 0.433013
1.768	 0 0 0.342184 0.433013 1 1 1.15782 0.433013
1.769	 0 0 0.342184 0.433013 1 1 1.15782 0.433013
1.77	 0 0 0.342184 0.433013 1 1 1.15782 0.433013
1.771	 0 0 0.342184 0.433013 1 1 1.15782 0.433013
1.772	 0 0 0.342184 0.433013 1 1 1.15782 0.433013
1.773	 0 0 0.342184 0.433013 1 1 1.15782 0.433013
1.774	 0 0 0.342184 0.433013 1 1 1.15782 0.433013
1.775	 0 0 0.342184 0.433013 1 1 1.15782 0.433013
1.776	 0 0 0.342184 0.433013 1 1 1.15782 0.433013
1.777	 0 0 0.342184 0.433013 1 1 1.15782 0.433013
1.778	 0 0 0.342184 0.433013 1 1 1.15782 0.433013
1.779	 0 0 0.342184 0.433013 1 1 1.15782 0.433013
1.78	 0 0 0.342184 0.433013 1 1 1.15782 0.433013
1.781	 0 0 0.342184 0.433013 1 1 1.15782 0.433013
1.782	 0 0 0.342184 0.433013 1 1 1.15782 0.433013
1.783	 0 0 0.342184 0.433013 1 1 1.15782 0.433013
1.784	 0 0 0.342184 0.433013 1 1 1.15782 0.433013
1.785	 0 0 0.342184 0.433013 1 1 1.15782 0.433013
1.786	 0 0 0.342184 0.433013 1 1 1.15782 0.433013
1.787	 0 0 0.342184 0.433013 1 1 1.15782 0.433013
1.788	 0 0 0.342184 0.433013 1 1 1.15782 0.433013
1.789	 0 0 0.342184 0.433013 1 1 1.15782 0.433013
1.79	 0 0 0.342184 0.433013 1 1 1.15782 0.433013
1.791	 0 0 0.342184 0.433013 1 1 1.15782 0.433013
1.792	 0 0 0.342184 0.433013 1 1 1.15782 0.433013
1.793	 0 0 0.342184 0.433013 1 1 1.15782 0.433013
1.794	 0 0 0.342184 0.433013 1 1 1.15782 0.433013
1.795	 0 0 0.342184 0.433013 1 1 1.15782 0.433013
1.796	 0 0 0.342184 0.433013 1 1 1.15782 0.433013
1.797	 0 0 0.342184 0.433013 1 1 1.15782 0.433013
1.798	 0 0 0.342184 0.433013 1 1 1.15782 0.433013
1.799	 0 0 0.342184 0.433013 1 1 1.15782 0.433013
1.8	 0 0 0.342184 0.433013 1 1 1.15782 0.433013
1.801	 0 0 0.342184 0.433013 1 1 1.15782 0.433013
1.802	 0 0 0.342184 0.433013 1 1 1.15782 0.433013
1.803	 0 0 0.342184 0.433013 1 1 1.15782 0.433013
1.804	 0 0 0.342184 0.433013 1 1 1.15782 0.433013
1.805	 0 0 0.342184 0.433013 1 1 1.15782 0.433013
1.806	 0 0 0.342184 0.433013 1 1 1.15782 0.433013
1.807	 0 0 0.342184 0.433013 1 1 1.15782 0.433013
1.808	 0 0 0.342184 0.433013 1 1 1.15782 0.433013
1.809	 0 0 0.342184 0.433013 1 1 1.15782 0.433013
1.81	 0 0 0.342184 0.433013 1 1 1.15782 0.433013
1.811	 0 0 0.342184 0.433013 1 1 1.15782 0.433013
1.812	 0 0 0.342184 0.433013 1 1 1.15782 0.433013
1.813	 0 0 0.342184 0.433013 1 1 1.15782 0.433013
1.814	 0 0 0.342184 0.433013 1 1 1.15782 0.433013
1.815	 0 0 0.342184 0.433013 1 1 1.15782 0.433013
1.816	 0 0 0.342184 0.433013 1 1 1.15782 0.433013
1.817	 0 0 0.342184 0.433013 1 1 1.15782 0.433013
1.818	 0 0 0.342184 0.433013 1 1 1.15782 0.433013
1.819	 0 0 0.342184 0.433013 1 1 1.15782 0.433013
1.82	 0 0 0.342184 0.433013 1 1 1.15782 0.433013
1.821	 0 0 0.342184 0.433013 1 1 1.15782 0.433013
1.822	 0 0 0.342184 0.433013 1 1 1.15782 0.433013
1.823	 0 0 0.342184 0.433013 1 1 1.15782 0.433013
1.824	 0 0 0.342184 0.433013 1 1 1.15782 0.433013
1.825	 0 0 0.342184 0.433013 1 1 1.15782 0.433013
1.826	 0 0 0.342184 0.433013 1 1 1.15782 0.433013
1.827	 0 0 0.342184 0.433013 1 1 1.15782 0.433013
1.828	 0 0 0.342184 0.433013 1 1 1.15782 0.433013
1.829	 0 0 0.342184 0.433013 1 1 1.15782 0.433013
1.83	 0 0 0.342184 0.433013 1 1 1.15782 0.433013
1.831	 0 0 0.342184 0.433013 1 1 1.15782 0.433013
1.832	 0 0 0.342184 0.433013 1 1 1.15782 0.433013
1.833	 0 0 0.342184 0.433013 1 1 1.15782 0.433013
1.834	 0 0 0.342184 0.433013 1 1 1.15782 0.433013
1.835	 0 0 0.342184 0.433013 1 1 1.15782 0.433013
1.836	 0 0 0.342184 0.433013 1 1 1.15782 0.433013
1.837	 0 0 0.342184 0.433013 1 1 1.15782 0.433013
1.838	 0 0 0.342184 0.433013 1 1 1.15782 0.433013
1.839	 0 0 0.342184 0.433013 1 1 1.15782 0.433013
1.84	 0 0 0.342184 0.433013 1 1 1.15782 0.433013
1.841	 0 0 0.342184 0.433013 1 1 1.15782 0.433013
1.842	 0 0 0.342184 0.433013 1 1 1.15782 0.433013
1.843	 0 0 0.342184 0.433013 1 1 1.15782 0.433013
1.844	 0 0 0.342184 0.433013 1 1 1.15782 0.433013
1.845	 0 0 0.342184 0.433013 1 1 1.15782 0.433013
1.846	 0 0 0.342184 0.433013 1 1 1.15782 0.433013
1.847	 0 0 0.342184 0.433013 1 1 1.15782 0.433013
1.848	 0 0 0.342184 0.433013 1 1 1.15782 0.433013
1.849	 0 0 0.342184 0.433013 1 1 1.15782 0.433013
1.85	 0 0 0.342184 0.433013 1 1 1.15782 0.433013
1.851	 0 0 0.342184 0.433013 1 1 1.15782 0.433013
1.852	 0 0 0.342184 0.433013 1 1 1.15782 0.433013
1.853	 0 0 0.342184 0.433013 1 1 1.15782 0.433013
1.854	 0 0 0.342184 0.433013 1 1 1.15782 0.433013
1.855	 0 0 0.342184 0.433013 1 1 1.15782 0.433013
1.856	 0 0 0.342184 0.433013 1 1 1.15782 0.433013
1.857	 0 0 0.342184 0.433013 1 1 1.15782 0.433013
1.858	 0 0 0.342184 0.433013 1 1 1.15782 0.433013
1.859	 0 0 0.342184 0.433013 1 1 1.15782 0.433013
1.86	 0 0 0.342184 0.433013 1 1 1.15782 0.433013
1.861	 0 0 0.342184 0.433013 1 1 1.15782 0.433013
1.862	 0 0 0.342184 0.433013 1 1 1.15782 0.433013
1.863	 0 0 0.342184 0.433013 1 1 1.15782 0.433013
1.864	 0 0 0.342184 0.433013 1 1 1.15782 0.433013
1.865	 0 0 0.342184 0.433013 1 1 1.15782 0.433013
1.866	 0 0 0.342184 0.433013 1 1 1.15782 0.433013
1.867	 0 0 0.342184 0.433013 1 1 1.15782 0.433013
1.868	 0 0 0.342184 0.433013 1 1 1.15782 0.433013
1.869	 0 0 0.342184 0.433013 1 1 1.15782 0.433013
1.87	 0 0 0.342184 0.433013 1 1 1.15782 0.433013
1.871	 0 0 0.342184 0.433013 1 1 1.15782 0.433013
1.872	 0 0 0.342184 0.433013 1 1 1.15782 0.433013
1.873	 0 0 0.342183 0.433013 1 1 1.15782 0.433013
1.874	 0 0 0.342183 0.433013 1 1 1.15782 0.433013
1.875	 0 0 0.342183 0.433013 1 1 1.15782 0.433013
1.876	 0 0 0.342183 0.433013 1 1 1.15782 0.433013
1.877	 0 0 0.342183 0.433013 1 1 1.15782 0.433013
1.878	 0 0 0.342183 0.433013 1 1 1.15782 0.433013
1.879	 0 0 0.342183 0.433013 1 1 1.15782 0.433013
1.88	 0 0 0.342183 0.433013 1 1 1.15782 0.433013
1.881	 0 0 0.342183 0.433013 1 1 1.15782 0.433013
1.882	 0 0 0.342183 0.433013 1 1 1.15782 0.433013
1.883	 0 0 0.342183 0.433013 1 1 1.15782 0.433013
1.884	 0 0 0.342183 0.433013 1 1 1.15782 0.433013
1.885	 0 0 0.342183 0.433013 1 1 1.15782 0.433013
1.886	 0 0 0.342183 0.433013 1 1 1.15782 0.433013
1.887	 0 0 0.342183 0.433013 1 1 1.15782 0.433013
1.888	 0 0 0.342183 0.433013 1 1 1.15782 0.433013
1.889	 0 0 0.342183 0.433013 1 1 1.15782 0.433013
1.89	 0 0 0.342183 0.433013 1 1 1.15782 0.433013
1.891	 0 0 0.342183 0.433013 1 1 1.15782 0.433013
1.892	 0 0 0.342183 0.433013 1 1 1.15782 0.433013
1.893	 0 0 0.342183 0.433013 1 1 1.15782 0.433013
1.894	 0 0 0.342183 0.433013 1 1 1.15782 0.433013
1.895	 0 0 0.342183 0.433013 1 1 1.15782 0.433013
1.896	 0 0 0.342183 0.433013 1 1 1.15782 0.433013
1.897	 0 0 0.342183 0.433013 1 1 1.15782 0.433013
1.898	 0 0 0.342183 0.433013 1 1 1.15782 0.433013
1.899	 0 0 0.342183 0.433013 1 1 1.15782 0.433013
1.9	 0 0 0.342183 0.433013 1 1 1.15782 0.433013
1.901	 0 0 0.342183 0.433013 1 1 1.15782 0.433013
1.902	 0 0 0.342183 0.433013 1 1 1.15782 0.433013
1.903	 0 0 0.342183 0.433013 1 1 1.15782 0.433013
1.904	 0 0 0.342183 0.433013 1 1 1.15782 0.433013
1.905	 0 0 0.342183 0.433013 1 1 1.15782 0.433013
1.906	 0 0 0.342183 0.433013 1 1 1.15782 0.433013
1.907	 0 0 0.342183 0.433013 1 1 1.15782 0.433013
1.908	 0 0 0.342183 0.433013 1 1 1.15782 0.433013
1.909	 0 0 0.342183 0.433013 1 1 1.15782 0.433013
1.91	 0 0 0.342183 0.433013 1 1 1.15782 0.433013
1.911	 0 0 0.342183 0.433013 1 1 1.15782 0.433013
1.912	 0 0 0.342183 0.433013 1 1 1.15782 0.433013
1.913	 0 0 0.342183 0.433013 1 1 1.15782 0.433013
1.914	 0 0 0.342183 0.433013 1 1 1.15782 0.433013
1.915	 0 0 0.342183 0.433013 1 1 1.15782 0.433013
1.916	 0 0 0.342183 0.433013 1 1 1.15782 0.433013
1.917	 0 0 0.342183 0.433013 1 1 1.15782 0.433013
1.918	 0 0 0.342183 0.433013 1 1 1.15782 0.433013
1.919	 0 0 0.342183 0.433013 1 1 1.15782 0.433013
1.92	 0 0 0.342183 0.433013 1 1 1.15782 0.433013
1.921	 0 0 0.342183 0.433013 1 1 1.15782 0.433013
1.922	 0 0 0.342183 0.433013 1 1 1.15782 0.433013
1.923	 0 0 0.342183 0.433013 1 1 1.15782 0.433013
1.924	 0 0 0.342183 0.433013 1 1 1.15782 0.433013
1.925	 0 0 0.342183 0.433013 1 1 1.15782 0.433013
1.926	 0 0 0.342183 0.433013 1 1 1.15782 0.433013
1.927	 0 0 0.342183 0.433013 1 1 1.15782 0.433013
1.928	 0 0 0.342183 0.433013 1 1 1.15782 0.433013
1.929	 0 0 0.342183 0.433013 1 1 1.15782 0.433013
1.93	 0 0 0.342183 0.433013 1 1 1.15782 0.433013
1.931	 0 0 0.342183 0.433013 1 1 1.15782 0.433013
1.932	 0 0 0.342183 0.433013 1 1 1.15782 0.433013
1.933	 0 0 0.342183 0.433013 1 1 1.15782 0.433013
1.934	 0 0 0.342183 0.433013 1 1 1.15782 0.433013
1.935	 0 0 0.342183 0.433013 1 1 1.15782 0.433013
1.936	 0 0 0.342183 0.433013 1 1 1.15782 0.433013
1.937	 0 0 0.342183 0.433013 1 1 1.15782 0.433013
1.938	 0 0 0.342183 0.433013 1 1 1.15782 0.433013
1.939	 0 0 0.342183 0.433013 1 1 1.15782 0.433013
1.94	 0 0 0.342183 0.433013 1 1 1.15782 0.433013
1.941	 0 0 0.342183 0.433013 1 1 1.15782 0.433013
1.942	 0 0 0.342183 0.433013 1 1 1.15782 0.433013
1.943	 0 0 0.342183 0.433013 1 1 1.15782 0.433013
1.944	 0 0 0.342183 0.433013 1 1 1.15782 0.433013
1.945	 0 0 0.342183 0.433013 1 1 1.15782 0.433013
1.946	 0 0 0.342183 0.433013 1 1 1.15782 0.433013
1.947	 0 0 0.342183 0.433013 1 1 1.15782 0.433013
1.948	 0 0 0.342183 0.433013 1 1 1.15782 0.433013
1.949	 0 0 0.342183 0.433013 1 1 1.15782 0.433013
1.95	 0 0 0.342183 0.433013 1 1 1.15782 0.433013
1.951	 0 0 0.342183 0.433013 1 1 1.15782 0.433013
1.952	 0 0 0.342183 0.433013 1 1 1.15782 0.433013
1.953	 0 0 0.342183 0.433013 1 1 1.15782 0.433013
1.954	 0 0 0.342183 0.433013 1 1 1.15782 0.433013
1.955	 0 0 0.342183 0.433013 1 1 1.15782 0.433013
1.956	 0 0 0.342183 0.433013 1 1 1.15782 0.433013
1.957	 0 0 0.342183 0.433013 1 1 1.15782 0.433013
1.958	 0 0 0.342183 0.433013 1 1 1.15782 0.433013
1.959	 0 0 0.342183 0.433013 1 1 1.15782 0.433013
1.96	 0 0 0.342183 0.433013 1 1 1.15782 0.433013
1.961	 0 0 0.342183 0.433013 1 1 1.15782 0.433013
1.962	 0 0 0.342183 0.433013 1 1 1.15782 0.433013
1.963	 0 0 0.342183 0.433013 1 1 1.15782 0.433013
1.964	 0 0 0.342183 0.433013 1 1 1.15782 0.433013
1.965	 0 0 0.342183 0.433013 1 1 1.15782 0.433013
1.966	 0 0 0.342183 0.433013 1 1 1.15782 0.433013
1.967	 0 0 0.342183 0.433013 1 1 1.15782 0.433013
1.968	 0 0 0.342183 0.433013 1 1 1.15782 0.433013
1.969	 0 0 0.342183 0.433013 1 1 1.15782 0.433013
1.97	 0 0 0.342183 0.433013 1 1 1.15782 0.433013
1.971	 0 0 0.342183 0.433013 1 1 1.15782 0.433013
1.972	 0 0 0.342183 0.433013 1 1 1.15782 0.433013
1.973	 0 0 0.342183 0.433013 1 1 1.15782 0.433013
1.974	 0 0 0.342183 0.433013 1 1 1.15782 0.433013
1.975	 0 0 0.342183 0.433013 1 1 1.15782 0.433013
1.976	 0 0 0.342183 0.433013 1 1 1.15782 0.433013
1.977	 0 0 0.342183 0.433013 1 1 1.15782 0.433013
1.978	 0 0 0.342183 0.433013 1 1 1.15782 0.433013
1.979	 0 0 0.342183 0.433013 1 1 1.15782 0.433013
1.98	 0 0 0.342183 0.433013 1 1 1.15782 0.433013
1.981	 0 0 0.342183 0.433013 1 1 1.15782 0.433013
1.982	 0 0 0.342183 0.433013 1 1 1.15782 0.433013
1.983	 0 0 0.342183 0.433013 1 1 1.15782 0.433013
1.984	 0 0 0.342183 0.433013 1 1 1.15782 0.433013
1.985	 0 0 0.342183 0.433013 1 1 1.15782 0.433013
1.986	 0 0 0.342183 0.433013 1 1 1.15782 0.433013
1.987	 0 0 0.342183 0.433013 1 1 1.15782 0.433013
1.988	 0 0 0.342183 0.433013 1 1 1.15782 0.433013
1.989	 0 0 0.342183 0.433013 1 1 1.15782 0.433013
1.99	 0 0 0.342183 0.433013 1 1 1.15782 0.433013
1.991	 0 0 0.342183 0.433013 1 1 1.15782 0.433013
1.992	 0 0 0.342183 0.433013 1 1 1.15782 0.433013
1.993	 0 0 0.342183 0.433013 1 1 1.15782 0.433013
1.994	 0 0 0.342183 0.433013 1 1 1.15782 0.433013
1.995	 0 0 0.342183 0.433013 1 1 1.15782 0.433013
1.996	 0 0 0.342183 0.433013 1 1 1.15782 0.433013
1.997	 0 0 0.342183 0.433013 1 1 1.15782 0.433013
1.998	 0 0 0.342183 0.433013 1 1 1.15782 0.433013
1.999	 0 0 0.342183 0.433013 1 1 1.15782 0.433013
2	 0 0 0.342183 0.433013 1 1 1.15782 0.433013
